<ticker>,<date>,<open>,<high>,<low>,<close>,<vol>
BA,201612060901,150.76,150.76,150.75,150.75,700
BA,201612060902,150.66,150.66,150.5,150.5,600
BA,201612060903,150.54,150.54,150.54,150.54,380
BA,201612060904,150.54,150.54,150.54,150.54,175
BA,201612060905,150.56,150.56,150.56,150.56,100
BA,201612060906,150.65,151,150.65,151,1600
BA,201612060907,151,151,151,151,100
BA,201612060908,151,151,151,151,600
BA,201612060909,151.02,151.02,151.02,151.02,100
BA,201612060910,150.98,150.98,150.98,150.98,100
BA,201612060911,150.72,150.72,150.72,150.72,400
BA,201612060914,150.85,150.91,150.85,150.85,1250
BA,201612060916,151.2,151.2,150.86,150.86,2620
BA,201612060917,150.85,151.1,150.77,151.1,625
BA,201612060918,151.09,151.09,151.08,151.08,700
BA,201612060919,151.08,151.08,150.98,150.98,2941
BA,201612060920,150.91,150.91,150.75,150.75,1967
BA,201612060924,150.75,150.75,150.75,150.75,100
BA,201612060925,150.9,150.9,150.9,150.9,5600
BA,201612060926,150.87,150.87,150.87,150.87,200
BA,201612060927,150.83,150.9,150.8,150.9,1500
BA,201612060928,150.85,150.85,150.85,150.85,2224
BA,201612060929,150.85,150.9,150.85,150.85,2656
BA,201612060930,150.84,150.96,150.84,150.91,2163
BA,201612060931,151,151.03,150.67,150.77,112894
BA,201612060932,150.86,150.86,150.68,150.82,2101
BA,201612060933,150.81,150.83,150.47,150.52,18133
BA,201612060934,150.48,150.7,150.46,150.48,9439
BA,201612060935,150.5,150.85,150.48,150.61,13538
BA,201612060936,150.77,150.77,150.13,150.13,75513
BA,201612060937,150.13,150.36,150.02,150.13,62717
BA,201612060938,150.18,150.4,150.09,150.22,24174
BA,201612060939,150.21,150.75,150.21,150.49,25390
BA,201612060940,150.54,150.66,150.43,150.64,26135
BA,201612060941,150.65,150.87,150.45,150.62,27764
BA,201612060942,150.64,150.83,150.61,150.73,10473
BA,201612060943,150.85,150.95,150.79,150.95,18849
BA,201612060944,150.9,150.95,150.76,150.95,8289
BA,201612060945,150.95,151,150.86,150.9,32618
BA,201612060946,150.88,151,150.85,150.88,22255
BA,201612060947,150.91,151.05,150.76,150.89,25389
BA,201612060948,150.86,151.05,150.84,150.97,16888
BA,201612060949,150.92,150.93,150.53,150.93,23020
BA,201612060950,150.92,150.93,150.76,150.88,15956
BA,201612060951,150.89,150.97,150.78,150.89,6829
BA,201612060952,150.95,150.99,150.84,150.93,7570
BA,201612060953,150.89,150.9,150.76,150.89,4250
BA,201612060954,150.99,150.99,150.9,150.95,1386
BA,201612060955,150.91,150.96,150.75,150.96,7079
BA,201612060956,150.95,150.95,150.84,150.89,6304
BA,201612060957,150.9,150.98,150.81,150.96,15119
BA,201612060958,150.99,151.13,150.95,150.97,20784
BA,201612060959,151,151.15,150.98,151.15,9553
BA,201612061000,151.11,151.37,151.1,151.17,17151
BA,201612061001,151.16,151.3,151.16,151.23,13799
BA,201612061002,151.24,151.26,151.1,151.2,4002
BA,201612061003,151.22,151.29,151.16,151.23,7298
BA,201612061004,151.23,151.3,151.18,151.21,9892
BA,201612061005,151.21,151.3,151.19,151.27,3900
BA,201612061006,151.3,151.32,151.2,151.29,11159
BA,201612061007,151.32,151.35,151.27,151.33,11260
BA,201612061008,151.33,151.43,151.33,151.35,7503
BA,201612061009,151.34,151.4,151.32,151.36,8000
BA,201612061010,151.37,151.37,151.2,151.22,8530
BA,201612061011,151.26,151.26,151.18,151.23,5562
BA,201612061012,151.25,151.25,151.19,151.19,5857
BA,201612061013,151.21,151.24,151.11,151.11,8075
BA,201612061014,151.15,151.29,151.13,151.27,8588
BA,201612061015,151.22,151.36,151.22,151.34,2651
BA,201612061016,151.32,151.4,151.32,151.4,800
BA,201612061017,151.36,151.37,151.31,151.33,9060
BA,201612061018,151.37,151.38,151.33,151.38,1300
BA,201612061019,151.35,151.36,151.17,151.19,3957
BA,201612061020,151.21,151.38,151.21,151.38,6279
BA,201612061021,151.38,151.5,151.38,151.45,3310
BA,201612061022,151.46,151.49,151.37,151.4,4900
BA,201612061023,151.41,151.49,151.37,151.44,3380
BA,201612061024,151.47,151.47,151.33,151.35,7250
BA,201612061025,151.33,151.33,151.21,151.21,983
BA,201612061026,151.22,151.28,151.22,151.25,2024
BA,201612061027,151.29,151.37,151.27,151.27,7014
BA,201612061028,151.26,151.26,151.2,151.25,1201
BA,201612061029,151.28,151.28,151.09,151.19,13643
BA,201612061030,151.18,151.25,151.14,151.14,6854
BA,201612061031,151.14,151.18,151.1,151.15,5889
BA,201612061032,151.12,151.25,151.12,151.2,7100
BA,201612061033,151.19,151.25,151.14,151.23,4613
BA,201612061034,151.21,151.22,151.1,151.15,8076
BA,201612061035,151.17,151.21,151.1,151.1,4119
BA,201612061036,151.1,151.22,151.1,151.22,3699
BA,201612061037,151.21,151.21,151.08,151.1,6800
BA,201612061038,151.1,151.1,151.02,151.05,3800
BA,201612061039,151.08,151.17,151.05,151.15,5908
BA,201612061040,151.14,151.27,151.14,151.24,3400
BA,201612061041,151.28,151.3,151.25,151.27,4930
BA,201612061042,151.28,151.28,151.13,151.13,1700
BA,201612061043,151.13,151.13,151.09,151.09,2913
BA,201612061044,151.12,151.2,151.12,151.16,6342
BA,201612061045,151.16,151.16,151.09,151.11,4237
BA,201612061046,151.17,151.28,151.17,151.28,2525
BA,201612061047,151.27,151.27,151.18,151.2,2569
BA,201612061048,151.21,151.35,151.18,151.31,4820
BA,201612061049,151.31,151.39,151.31,151.36,2683
BA,201612061050,151.36,151.36,151.32,151.35,1420
BA,201612061051,151.35,151.35,151.26,151.28,3004
BA,201612061052,151.31,151.42,151.29,151.42,1500
BA,201612061053,151.42,151.43,151.37,151.39,3179
BA,201612061054,151.39,151.42,151.37,151.37,800
BA,201612061055,151.38,151.42,151.37,151.38,3000
BA,201612061056,151.38,151.4,151.33,151.34,4100
BA,201612061057,151.35,151.4,151.29,151.3,6759
BA,201612061058,151.3,151.33,151.21,151.23,6439
BA,201612061059,151.21,151.21,151.16,151.2,2368
BA,201612061100,151.16,151.28,151.13,151.22,6166
BA,201612061101,151.21,151.29,151.21,151.25,2100
BA,201612061102,151.24,151.24,151.16,151.17,9203
BA,201612061103,151.13,151.21,151.1,151.17,9197
BA,201612061104,151.17,151.22,151.17,151.17,4100
BA,201612061105,151.14,151.19,151.11,151.19,3604
BA,201612061106,151.12,151.12,151.03,151.03,4757
BA,201612061107,151,151.17,151,151.17,4365
BA,201612061108,151.23,151.25,151.11,151.11,6490
BA,201612061109,151.08,151.18,151.08,151.18,2525
BA,201612061110,151.21,151.28,151.16,151.25,5277
BA,201612061111,151.28,151.3,151.26,151.26,5823
BA,201612061112,151.26,151.26,151.17,151.21,5410
BA,201612061113,151.18,151.19,151.13,151.15,2450
BA,201612061114,151.16,151.24,151.14,151.24,4140
BA,201612061115,151.26,151.27,151.23,151.27,2180
BA,201612061116,151.26,151.29,151.15,151.16,4541
BA,201612061117,151.2,151.25,151.16,151.25,2736
BA,201612061118,151.26,151.29,151.22,151.29,3644
BA,201612061119,151.29,151.29,151.21,151.26,5600
BA,201612061120,151.25,151.29,151.24,151.24,1340
BA,201612061121,151.26,151.39,151.24,151.39,23622
BA,201612061122,151.39,151.46,151.36,151.46,12388
BA,201612061123,151.45,151.45,151.33,151.36,3365
BA,201612061124,151.33,151.38,151.33,151.36,1710
BA,201612061125,151.35,151.41,151.33,151.38,5859
BA,201612061126,151.35,151.36,151.31,151.32,2500
BA,201612061127,151.33,151.35,151.28,151.35,5138
BA,201612061128,151.35,151.4,151.31,151.38,15097
BA,201612061129,151.39,151.45,151.37,151.4,4456
BA,201612061130,151.4,151.41,151.37,151.38,1300
BA,201612061131,151.35,151.43,151.3,151.43,8861
BA,201612061132,151.42,151.48,151.42,151.46,5339
BA,201612061133,151.48,151.5,151.46,151.46,9371
BA,201612061134,151.46,151.48,151.36,151.48,11486
BA,201612061135,151.43,151.46,151.4,151.46,2158
BA,201612061136,151.45,151.45,151.4,151.41,1005
BA,201612061137,151.41,151.41,151.3,151.34,3923
BA,201612061138,151.34,151.37,151.29,151.33,4469
BA,201612061139,151.34,151.45,151.34,151.42,2067
BA,201612061140,151.41,151.43,151.37,151.37,1308
BA,201612061141,151.38,151.38,151.36,151.38,526
BA,201612061142,151.35,151.38,151.35,151.37,1320
BA,201612061143,151.37,151.47,151.35,151.46,4608
BA,201612061144,151.47,151.58,151.47,151.57,6744
BA,201612061145,151.56,151.58,151.49,151.52,4729
BA,201612061146,151.51,151.51,151.47,151.47,1003
BA,201612061147,151.46,151.5,151.45,151.5,690
BA,201612061148,151.45,151.45,151.33,151.36,6065
BA,201612061149,151.33,151.36,151.24,151.24,10811
BA,201612061150,151.25,151.33,151.23,151.3,4364
BA,201612061151,151.34,151.37,151.32,151.35,1900
BA,201612061152,151.33,151.35,151.3,151.3,2371
BA,201612061153,151.36,151.36,151.32,151.34,1714
BA,201612061154,151.39,151.39,151.33,151.33,1000
BA,201612061155,151.36,151.39,151.33,151.37,1660
BA,201612061156,151.36,151.36,151.26,151.28,1900
BA,201612061157,151.24,151.29,151.23,151.26,3365
BA,201612061158,151.28,151.28,151.25,151.26,1970
BA,201612061159,151.26,151.35,151.26,151.35,1550
BA,201612061200,151.38,151.41,151.33,151.34,5135
BA,201612061201,151.31,151.33,151.29,151.3,1200
BA,201612061202,151.31,151.36,151.31,151.35,1200
BA,201612061203,151.33,151.35,151.3,151.35,1502
BA,201612061204,151.35,151.35,151.32,151.34,4305
BA,201612061205,151.35,151.41,151.32,151.38,6842
BA,201612061206,151.41,151.46,151.37,151.46,2667
BA,201612061207,151.45,151.47,151.38,151.43,3560
BA,201612061208,151.38,151.4,151.34,151.34,1508
BA,201612061209,151.38,151.39,151.36,151.36,2100
BA,201612061210,151.38,151.42,151.36,151.36,2247
BA,201612061211,151.37,151.37,151.32,151.33,3108
BA,201612061212,151.32,151.36,151.27,151.28,5900
BA,201612061213,151.26,151.28,151.2,151.28,4682
BA,201612061214,151.26,151.28,151.24,151.25,2239
BA,201612061215,151.24,151.29,151.24,151.27,1815
BA,201612061216,151.27,151.3,151.23,151.25,1105
BA,201612061217,151.23,151.24,151.15,151.15,3320
BA,201612061218,151.17,151.17,151.12,151.14,7100
BA,201612061219,151.15,151.2,151.15,151.15,2400
BA,201612061220,151.21,151.26,151.21,151.26,3898
BA,201612061221,151.24,151.27,151.24,151.24,1500
BA,201612061222,151.26,151.27,151.22,151.22,1600
BA,201612061223,151.21,151.27,151.2,151.25,1408
BA,201612061224,151.23,151.27,151.2,151.26,5458
BA,201612061225,151.22,151.3,151.21,151.3,2000
BA,201612061226,151.3,151.36,151.3,151.34,1105
BA,201612061227,151.32,151.39,151.32,151.37,3180
BA,201612061228,151.4,151.42,151.35,151.36,4569
BA,201612061229,151.4,151.4,151.35,151.38,1300
BA,201612061230,151.39,151.44,151.38,151.4,3300
BA,201612061231,151.4,151.42,151.37,151.42,3714
BA,201612061232,151.41,151.45,151.39,151.45,2366
BA,201612061233,151.45,151.46,151.44,151.46,5160
BA,201612061234,151.48,151.5,151.44,151.5,3291
BA,201612061235,151.45,151.56,151.45,151.56,3679
BA,201612061236,151.54,151.61,151.54,151.6,3271
BA,201612061237,151.6,151.62,151.56,151.59,6875
BA,201612061238,151.61,151.62,151.59,151.59,1091
BA,201612061239,151.57,151.6,151.51,151.51,2691
BA,201612061240,151.51,151.54,151.51,151.52,900
BA,201612061241,151.55,151.59,151.54,151.56,802
BA,201612061242,151.54,151.66,151.54,151.64,11716
BA,201612061243,151.64,151.66,151.62,151.66,2430
BA,201612061244,151.63,151.72,151.63,151.69,6668
BA,201612061245,151.69,151.74,151.68,151.72,1828
BA,201612061246,151.72,151.75,151.7,151.73,1700
BA,201612061247,151.75,151.86,151.73,151.81,4403
BA,201612061248,151.83,151.95,151.83,151.95,5112
BA,201612061249,151.94,151.97,151.87,151.88,9650
BA,201612061250,151.88,151.88,151.85,151.86,3811
BA,201612061251,151.88,151.92,151.88,151.9,4043
BA,201612061252,151.92,151.92,151.89,151.92,1540
BA,201612061253,151.92,151.96,151.89,151.94,8986
BA,201612061254,151.94,152.05,151.93,152.01,5883
BA,201612061255,152.01,152.01,151.98,151.98,2400
BA,201612061256,151.98,152.09,151.98,152.04,11590
BA,201612061257,152.06,152.09,152.06,152.09,1600
BA,201612061258,152.11,152.15,152.09,152.09,3355
BA,201612061259,152.13,152.15,152.13,152.14,2120
BA,201612061300,152.14,152.16,152.13,152.15,6868
BA,201612061301,152.17,152.2,152.15,152.2,3830
BA,201612061302,152.2,152.25,152.2,152.24,3102
BA,201612061303,152.24,152.25,152.23,152.25,5195
BA,201612061304,152.24,152.26,152.24,152.25,13420
BA,201612061305,152.24,152.29,152.24,152.28,9319
BA,201612061306,152.3,152.31,152.25,152.25,4210
BA,201612061307,152.24,152.27,152.23,152.24,4717
BA,201612061308,152.23,152.28,152.23,152.28,2440
BA,201612061309,152.28,152.34,152.24,152.32,15173
BA,201612061310,152.34,152.36,152.33,152.34,2067
BA,201612061311,152.37,152.44,152.37,152.41,6587
BA,201612061312,152.4,152.44,152.4,152.43,103189
BA,201612061313,152.41,152.45,152.38,152.42,6463
BA,201612061314,152.44,152.49,152.42,152.46,4773
BA,201612061315,152.46,152.46,152.4,152.4,82225
BA,201612061316,152.38,152.42,152.34,152.41,5872
BA,201612061317,152.42,152.64,152.4,152.63,87069
BA,201612061318,152.63,152.63,152.51,152.51,5765
BA,201612061319,152.51,152.52,152.42,152.42,7025
BA,201612061320,152.5,152.52,152.45,152.52,3734
BA,201612061321,152.46,152.51,152.46,152.51,880
BA,201612061322,152.47,152.49,152.47,152.48,1755
BA,201612061323,152.46,152.49,152.46,152.48,4866
BA,201612061324,152.48,152.48,152.46,152.47,527
BA,201612061325,152.47,152.51,152.32,152.32,7254
BA,201612061326,152.3,152.3,152.18,152.18,3091
BA,201612061327,152.19,152.21,152.05,152.08,7618
BA,201612061328,152.09,152.09,151.1,152.08,18381
BA,201612061329,152.09,152.09,152.03,152.05,7570
BA,201612061330,152.05,152.1,152.04,152.08,2185
BA,201612061331,152.07,152.07,152.01,152.02,1745
BA,201612061332,152.02,152.09,152.02,152.04,4525
BA,201612061333,152.05,152.14,152.05,152.09,4420
BA,201612061334,152.09,152.16,152.08,152.16,1300
BA,201612061335,152.1,152.11,152.06,152.06,1910
BA,201612061336,152.06,152.06,152.01,152.03,3545
BA,201612061337,152.03,152.08,152.03,152.07,1265
BA,201612061338,152.07,152.14,152.07,152.09,4383
BA,201612061339,152.1,152.1,152.09,152.09,826
BA,201612061340,152.11,152.15,152.1,152.14,1000
BA,201612061341,152.15,152.19,152.1,152.1,3500
BA,201612061342,152.09,152.09,152,152.01,1464
BA,201612061343,151.99,152.01,151.96,151.96,6200
BA,201612061344,151.95,151.95,151.9,151.9,3256
BA,201612061345,151.91,151.94,151.9,151.92,1400
BA,201612061346,151.92,152.07,151.92,152.07,3654
BA,201612061347,152.07,152.15,152.07,152.15,2133
BA,201612061348,152.15,152.22,152.15,152.2,9951
BA,201612061349,152.15,152.19,152.1,152.18,5333
BA,201612061350,152.11,152.14,152.11,152.14,1150
BA,201612061351,152.14,152.17,152.14,152.17,655
BA,201612061352,152.19,152.23,152.17,152.2,7086
BA,201612061353,152.2,152.23,152.16,152.19,5320
BA,201612061354,152.17,152.2,152.17,152.2,1200
BA,201612061355,152.21,152.22,152.2,152.2,1700
BA,201612061356,152.21,152.21,152.18,152.21,2237
BA,201612061357,152.24,152.26,152.2,152.2,3501
BA,201612061358,152.2,152.22,152.17,152.17,1200
BA,201612061359,152.15,152.15,152.11,152.12,600
BA,201612061400,152.14,152.17,152.1,152.1,1697
BA,201612061401,152.11,152.16,152.06,152.06,5201
BA,201612061402,152.06,152.13,152.05,152.12,2800
BA,201612061403,152.14,152.17,152.13,152.13,2216
BA,201612061404,152.14,152.14,152.1,152.11,2510
BA,201612061405,152.09,152.1,152.01,152.01,3304
BA,201612061406,152.01,152.03,152,152.01,2400
BA,201612061407,152,152.01,151.98,151.98,2100
BA,201612061408,151.99,152.03,151.99,152,2300
BA,201612061409,151.99,151.99,151.95,151.97,2232
BA,201612061410,151.98,151.99,151.96,151.97,1444
BA,201612061411,152.01,152.05,152.01,152.04,3191
BA,201612061412,152.04,152.04,151.96,151.98,3555
BA,201612061413,151.96,151.99,151.96,151.96,3680
BA,201612061414,151.96,152,151.96,151.99,2400
BA,201612061415,152,152.02,151.99,152.02,1899
BA,201612061416,152,152,151.96,151.98,3247
BA,201612061417,151.96,151.96,151.95,151.96,1300
BA,201612061418,151.97,151.99,151.96,151.99,3664
BA,201612061419,151.98,151.98,151.96,151.97,315
BA,201612061420,152,152,151.96,151.98,3092
BA,201612061421,151.99,152,151.1,151.1,729
BA,201612061422,152.01,152.01,151.99,151.99,2261
BA,201612061423,151.98,151.99,151.95,151.95,2887
BA,201612061424,151.95,152.02,151.95,152.01,2737
BA,201612061425,152.02,152.04,152,152,4501
BA,201612061426,151.99,151.99,151.95,151.95,2100
BA,201612061427,151.95,152.05,151.93,152.05,12672
BA,201612061428,152.03,152.11,152.03,152.06,14198
BA,201612061429,152.05,152.05,152.02,152.02,2825
BA,201612061430,152.03,152.09,152.02,152.07,2100
BA,201612061431,152.06,152.06,152.03,152.06,3127
BA,201612061432,152.05,152.05,152.01,152.04,2500
BA,201612061433,152.02,152.04,152.02,152.04,2353
BA,201612061434,152.08,152.11,152.06,152.08,1345
BA,201612061435,152.08,152.09,152.08,152.09,1299
BA,201612061436,152.08,152.09,152.01,152.01,6178
BA,201612061437,152.02,152.05,152.02,152.05,900
BA,201612061438,152.04,152.04,152.04,152.04,632
BA,201612061439,152.03,152.07,152.03,152.07,1746
BA,201612061440,152.15,152.15,152.12,152.14,700
BA,201612061441,152.15,152.24,152.14,152.2,2126
BA,201612061442,152.21,152.26,152.18,152.25,13207
BA,201612061443,152.26,152.3,152.25,152.3,1301
BA,201612061444,152.29,152.29,152.27,152.29,3261
BA,201612061445,152.27,152.27,152.18,152.18,3329
BA,201612061446,152.19,152.26,152.19,152.26,2439
BA,201612061447,152.23,152.25,152.21,152.25,127000
BA,201612061448,152.23,152.23,152.19,152.22,3345
BA,201612061449,152.23,152.28,152.22,152.28,3512
BA,201612061450,152.25,152.3,152.23,152.25,6218
BA,201612061451,152.25,152.25,152.21,152.22,4866
BA,201612061452,152.25,152.25,152.22,152.24,2121
BA,201612061453,152.25,152.25,152.19,152.19,6532
BA,201612061454,152.19,152.22,152.11,152.12,4440
BA,201612061455,152.14,152.23,152.13,152.21,7351
BA,201612061456,152.2,152.26,152.2,152.26,1300
BA,201612061457,152.27,152.27,152.22,152.25,3230
BA,201612061458,152.23,152.27,152.23,152.27,924
BA,201612061459,152.25,152.25,152.12,152.12,2811
BA,201612061500,152.13,152.15,152.1,152.11,3885
BA,201612061501,152.07,152.11,152.03,152.09,6383
BA,201612061502,152.05,152.05,151.97,151.97,4124
BA,201612061503,151.98,151.98,151.9,151.95,6587
BA,201612061504,151.92,151.96,151.9,151.91,11210
BA,201612061505,151.88,151.88,151.82,151.85,7251
BA,201612061506,151.84,151.89,151.84,151.87,1502
BA,201612061507,151.87,151.87,151.84,151.85,1680
BA,201612061508,151.85,151.87,151.84,151.85,2000
BA,201612061509,151.84,152.01,151.83,152.01,11360
BA,201612061510,151.96,151.98,151.94,151.96,1328
BA,201612061511,151.97,152.05,151.96,152.04,10471
BA,201612061512,152.04,152.04,151.97,151.97,5375
BA,201612061513,151.95,151.97,151.93,151.93,1045
BA,201612061514,151.92,151.94,151.9,151.93,3500
BA,201612061515,151.95,151.98,151.91,151.91,2604
BA,201612061516,151.9,151.9,151.87,151.88,2584
BA,201612061517,151.89,151.91,151.89,151.91,1677
BA,201612061518,151.92,151.93,151.9,151.93,3037
BA,201612061519,151.93,151.98,151.92,151.97,1951
BA,201612061520,152,152.04,151.96,152.01,5615
BA,201612061521,151.98,152,151.97,152,1300
BA,201612061522,151.99,152.03,151.99,152,14996
BA,201612061523,152,152.05,152,152.05,16984
BA,201612061524,152.05,152.07,152.04,152.05,1700
BA,201612061525,152.05,152.08,152.04,152.04,2771
BA,201612061526,152.04,152.06,152.02,152.04,2674
BA,201612061527,152.04,152.07,152.02,152.04,1865
BA,201612061528,152.04,152.08,152.03,152.04,2580
BA,201612061529,152.07,152.07,151.99,152.03,4130
BA,201612061530,152.03,152.07,152.02,152.04,3435
BA,201612061531,152.05,152.08,152.04,152.07,3675
BA,201612061532,152.07,152.08,152.03,152.03,3030
BA,201612061533,152.04,152.05,152.03,152.03,3954
BA,201612061534,152.04,152.08,152.03,152.05,5985
BA,201612061535,152.05,152.05,152.03,152.04,4250
BA,201612061536,152.04,152.07,152.03,152.06,2430
BA,201612061537,152.07,152.07,152.01,152.01,6031
BA,201612061538,152.03,152.05,152.01,152.05,3340
BA,201612061539,152.04,152.05,152.01,152.03,8425
BA,201612061540,152.03,152.07,152.03,152.05,5840
BA,201612061541,152.04,152.06,152.02,152.05,4112
BA,201612061542,152.05,152.07,152.05,152.07,3488
BA,201612061543,152.06,152.13,152.06,152.09,10353
BA,201612061544,152.1,152.1,152.03,152.03,11275
BA,201612061545,152.05,152.05,152.03,152.04,27098
BA,201612061546,152.04,152.05,152.03,152.03,14470
BA,201612061547,152.03,152.09,152.02,152.09,14036
BA,201612061548,152.09,152.13,152.07,152.11,7700
BA,201612061549,152.12,152.13,152.03,152.05,32422
BA,201612061550,152.04,152.07,152.03,152.05,7796
BA,201612061551,152.06,152.08,152.03,152.03,10852
BA,201612061552,152.05,152.05,151.99,151.99,40214
BA,201612061553,152,152.17,152,152.16,13669
BA,201612061554,152.16,152.17,152.11,152.12,4937
BA,201612061555,152.12,152.23,152.12,152.22,25792
BA,201612061556,152.21,152.27,152.19,152.26,11831
BA,201612061557,152.26,152.3,152.25,152.28,13881
BA,201612061558,152.3,152.3,152.25,152.26,15428
BA,201612061559,152.25,152.28,152.23,152.23,39038
BA,201612061600,152.23,152.24,152.23,152.24,162087
BA,201612061604,152.23,152.23,152.23,152.23,200
BA,201612061607,152.35,152.35,152.35,152.35,15000
BA,201612061609,152.3,152.3,152.3,152.3,300
BA,201612061614,152.3,152.3,152.3,152.3,200
BA,201612061619,152.24,152.24,152.24,152.24,13768
BA,201612061625,152.35,152.35,152.35,152.35,100
BA,201612061633,152.39,152.39,152.39,152.39,100
BA,201612061639,152.24,152.24,152.24,152.24,212
BA,201612061646,152.24,152.24,152.24,152.24,16182
BA,201612061659,152.3,152.3,152.3,152.3,100
