<ticker>,<date>,<open>,<high>,<low>,<close>,<vol>
BA,201612220903,158.73,158.73,158.73,158.73,300
BA,201612220926,158.47,158.47,158.47,158.47,200
BA,201612220928,158.47,158.47,158.47,158.47,100
BA,201612220930,158.5,158.63,158.5,158.59,2973
BA,201612220931,158.5,158.7,158.33,158.7,104988
BA,201612220932,158.72,158.94,158.62,158.94,25024
BA,201612220933,158.67,158.99,158.67,158.74,23447
BA,201612220934,158.74,158.92,158.66,158.66,26576
BA,201612220935,158.65,158.7,158.21,158.21,23220
BA,201612220936,158.3,158.44,158.05,158.44,14131
BA,201612220937,158.43,158.51,158.35,158.41,7412
BA,201612220938,158.51,158.58,158.3,158.36,13313
BA,201612220939,158.36,158.63,158.26,158.63,22488
BA,201612220940,158.67,158.69,158.35,158.41,8738
BA,201612220941,158.36,158.45,158,158.45,16115
BA,201612220942,158.02,158.07,157.73,158.01,11055
BA,201612220943,158.06,158.22,157.97,158.22,6667
BA,201612220944,158.17,158.25,158.09,158.23,7416
BA,201612220945,158.24,158.24,157.93,157.98,7340
BA,201612220946,157.88,157.98,157.71,157.71,7257
BA,201612220947,157.71,157.94,157.71,157.93,5350
BA,201612220948,157.96,157.96,157.7,157.7,4500
BA,201612220949,157.74,157.96,157.65,157.91,11445
BA,201612220950,157.86,157.91,157.65,157.67,15856
BA,201612220951,157.67,157.8,157.67,157.71,14229
BA,201612220952,157.75,157.93,157.7,157.91,4064
BA,201612220953,157.87,157.87,157.7,157.72,10295
BA,201612220954,157.73,157.74,157.54,157.54,5299
BA,201612220955,157.58,157.78,157.53,157.62,20612
BA,201612220956,157.55,157.65,157.51,157.6,7405
BA,201612220957,157.65,157.78,157.6,157.78,7279
BA,201612220958,157.74,157.87,157.68,157.72,7881
BA,201612220959,157.74,157.76,157.68,157.68,4907
BA,201612221000,157.72,157.8,157.67,157.76,9849
BA,201612221001,157.79,157.79,157.64,157.64,6865
BA,201612221002,157.63,157.63,157.52,157.57,12306
BA,201612221003,157.58,157.58,157.34,157.34,16846
BA,201612221004,157.36,157.4,157.3,157.36,7736
BA,201612221005,157.38,157.38,157.13,157.16,12959
BA,201612221006,157.15,157.15,156.66,156.74,26619
BA,201612221007,156.72,156.72,156.56,156.58,8106
BA,201612221008,156.56,156.61,156.37,156.41,20381
BA,201612221009,156.37,156.42,156.25,156.28,14678
BA,201612221010,156.32,156.62,156.32,156.58,18727
BA,201612221011,156.6,156.87,156.59,156.77,23839
BA,201612221012,156.75,156.87,156.69,156.83,7955
BA,201612221013,156.89,156.91,156.84,156.89,6420
BA,201612221014,156.88,156.9,156.77,156.81,17095
BA,201612221015,156.84,157.03,156.8,157.01,7592
BA,201612221016,157.03,157.05,156.1,157.05,3260
BA,201612221017,156.99,157.2,156.99,157.19,8242
BA,201612221018,157.16,157.22,157.04,157.06,5911
BA,201612221019,157.04,157.06,156.99,157.03,3983
BA,201612221020,157.08,157.08,157.01,157.02,2217
BA,201612221021,157.03,157.28,157.03,157.23,8541
BA,201612221022,157.24,157.33,157.19,157.19,2850
BA,201612221023,157.2,157.27,157.2,157.25,3460
BA,201612221024,157.24,157.25,156.99,157.04,21882
BA,201612221025,157.01,157.09,156.99,157.09,4871
BA,201612221026,157.07,157.17,157.07,157.16,6268
BA,201612221027,157.13,157.13,157.01,157.05,5496
BA,201612221028,157,157,156.9,156.98,4253
BA,201612221029,156.93,156.99,156.87,156.95,3725
BA,201612221030,156.91,156.95,156.84,156.84,41374
BA,201612221031,156.84,156.95,156.77,156.85,18158
BA,201612221032,156.8,156.84,156.67,156.84,11617
BA,201612221033,156.74,156.79,156.66,156.68,5802
BA,201612221034,156.71,156.82,156.66,156.7,5118
BA,201612221035,156.7,156.7,156.65,156.7,2055
BA,201612221036,156.65,156.87,156.65,156.77,5869
BA,201612221037,156.85,156.91,156.7,156.73,7927
BA,201612221038,156.73,156.73,156.7,156.7,622
BA,201612221039,156.68,156.69,156.65,156.66,2700
BA,201612221040,156.65,156.68,156.61,156.65,8738
BA,201612221041,156.68,156.82,156.67,156.81,16891
BA,201612221042,156.78,156.92,156.78,156.87,4850
BA,201612221043,156.87,156.88,156.79,156.86,5134
BA,201612221044,156.83,156.92,156.8,156.92,2525
BA,201612221045,156.85,156.91,156.63,156.63,5761
BA,201612221046,156.66,156.78,156.65,156.72,9835
BA,201612221047,156.66,156.71,156.6,156.68,4998
BA,201612221048,156.7,156.73,156.59,156.59,4450
BA,201612221049,156.61,156.63,156.53,156.59,1031
BA,201612221050,156.6,156.65,156.58,156.58,4030
BA,201612221051,156.6,156.6,156.46,156.49,5282
BA,201612221052,156.46,156.54,156.45,156.45,4145
BA,201612221053,156.42,156.55,156.42,156.55,5402
BA,201612221054,156.57,156.73,156.57,156.7,5246
BA,201612221055,156.72,156.72,156.49,156.59,15845
BA,201612221056,156.59,156.63,156.51,156.57,1400
BA,201612221057,156.54,156.59,156.54,156.55,3756
BA,201612221058,156.5,156.56,156.48,156.49,3714
BA,201612221059,156.43,156.49,156.31,156.31,4505
BA,201612221100,156.39,156.53,156.35,156.5,6330
BA,201612221101,156.52,156.54,156.51,156.51,1786
BA,201612221102,156.47,156.48,156.4,156.4,3373
BA,201612221103,156.48,156.48,156.4,156.47,1500
BA,201612221104,156.44,156.58,156.44,156.53,6700
BA,201612221105,156.55,156.65,156.52,156.61,7624
BA,201612221106,156.55,156.68,156.54,156.68,6798
BA,201612221107,156.74,156.87,156.74,156.82,6254
BA,201612221108,156.84,156.91,156.82,156.9,4000
BA,201612221109,156.93,156.99,156.79,156.8,5706
BA,201612221110,156.86,156.86,156.73,156.73,5564
BA,201612221111,156.75,156.78,156.73,156.76,2500
BA,201612221112,156.77,156.79,156.69,156.73,7905
BA,201612221113,156.72,156.73,156.65,156.73,11834
BA,201612221114,156.71,156.72,156.61,156.64,8569
BA,201612221115,156.66,156.77,156.65,156.7,10031
BA,201612221116,156.7,156.9,156.7,156.8,23137
BA,201612221117,156.85,156.85,156.72,156.78,8161
BA,201612221118,156.78,156.86,156.78,156.78,5363
BA,201612221119,156.86,156.96,156.59,156.89,16848
BA,201612221120,156.9,157.03,156.86,156.97,11275
BA,201612221121,156.1,157.12,156.1,157.1,7854
BA,201612221122,157.08,157.09,157,157.05,7189
BA,201612221123,157.04,157.08,156.94,156.96,6276
BA,201612221124,156.95,157.03,156.94,157.02,6700
BA,201612221125,157.02,157.05,156.98,156.98,7193
BA,201612221126,156.97,157.01,156.94,156.97,14817
BA,201612221127,156.96,157,156.1,156.94,8901
BA,201612221128,156.97,157,156.95,156.97,2425
BA,201612221129,156.1,157.01,156.1,156.93,35196
BA,201612221130,156.96,156.96,156.93,156.94,7499
BA,201612221131,156.93,156.99,156.93,156.97,4889
BA,201612221132,156.97,156.98,156.88,156.9,5486
BA,201612221133,156.9,156.9,156.87,156.87,3849
BA,201612221134,156.93,156.94,156.87,156.9,7327
BA,201612221135,156.93,156.94,156.91,156.91,1850
BA,201612221136,156.92,156.95,156.92,156.95,5250
BA,201612221137,156.95,156.96,156.91,156.95,6579
BA,201612221138,156.95,156.95,156.88,156.91,7600
BA,201612221139,156.9,156.91,156.88,156.89,3662
BA,201612221140,156.88,156.89,156.86,156.86,7839
BA,201612221141,156.84,156.84,156.76,156.79,8317
BA,201612221142,156.78,156.81,156.75,156.78,3575
BA,201612221143,156.77,156.85,156.76,156.85,6146
BA,201612221144,156.87,157.04,156.87,157.03,7483
BA,201612221145,157.03,157.03,156.97,156.99,4757
BA,201612221146,157.04,157.05,156.99,157.01,1800
BA,201612221147,157.03,157.04,157,157.02,3761
BA,201612221148,157.01,157.04,157,157,1040
BA,201612221149,156.98,157.02,156.98,157.02,2386
BA,201612221150,157.02,157.13,156.99,157.13,8221
BA,201612221151,157.1,157.23,157.1,157.11,4988
BA,201612221152,157.13,157.13,157.01,157.09,9394
BA,201612221153,157.1,157.1,157,157.08,11524
BA,201612221154,157.09,157.11,156.98,157.04,27867
BA,201612221155,157.06,157.18,157.05,157.05,39879
BA,201612221156,157.06,157.14,157.04,157.12,13535
BA,201612221157,157.12,157.14,157.03,157.06,15616
BA,201612221158,157.08,157.15,157.06,157.13,11325
BA,201612221159,157.13,157.13,157.02,157.04,7957
BA,201612221200,157.06,157.1,157.03,157.05,3773
BA,201612221201,157.05,157.06,157,157.02,9718
BA,201612221202,157,157.06,156.98,157.05,2740
BA,201612221203,157.05,157.06,156.98,157.03,10068
BA,201612221204,157.01,157.09,157.01,157.09,3216
BA,201612221205,157.07,157.07,157.04,157.04,700
BA,201612221206,157.04,157.08,157.02,157.07,5969
BA,201612221207,157.09,157.15,157.09,157.15,3200
BA,201612221208,157.15,157.2,157.15,157.17,3043
BA,201612221209,157.15,157.25,157.15,157.25,4402
BA,201612221210,157.26,157.32,157.15,157.3,22517
BA,201612221211,157.31,157.37,157.3,157.31,7685
BA,201612221212,157.35,157.43,157.3,157.43,4485
BA,201612221213,157.44,157.45,157.37,157.39,3715
BA,201612221214,157.38,157.38,157.35,157.38,2693
BA,201612221215,157.38,157.38,157.29,157.3,5405
BA,201612221216,157.31,157.31,157.24,157.24,3249
BA,201612221217,157.25,157.36,157.25,157.35,4979
BA,201612221218,157.35,157.47,157.34,157.46,6148
BA,201612221219,157.47,157.48,157.42,157.43,5467
BA,201612221220,157.44,157.44,157.38,157.41,4596
BA,201612221221,157.4,157.4,157.31,157.36,6974
BA,201612221222,157.36,157.36,157.31,157.31,1300
BA,201612221223,157.29,157.29,157.2,157.2,5443
BA,201612221224,157.2,157.27,157.2,157.24,4160
BA,201612221225,157.25,157.25,157.18,157.21,1500
BA,201612221226,157.22,157.25,157.17,157.17,3629
BA,201612221227,157.19,157.2,157.14,157.15,2900
BA,201612221228,157.18,157.19,157.16,157.18,2000
BA,201612221229,157.13,157.17,157.13,157.15,1100
BA,201612221230,157.13,157.39,157.1,157.1,10523
BA,201612221231,157.37,157.37,157.34,157.35,1726
BA,201612221232,157.36,157.36,157.29,157.29,2828
BA,201612221233,157.29,157.34,157.29,157.34,2260
BA,201612221234,157.32,157.39,157.32,157.38,3200
BA,201612221235,157.37,157.38,157.36,157.37,2876
BA,201612221236,157.38,157.5,157.37,157.5,10628
BA,201612221237,157.53,157.55,157.52,157.52,5285
BA,201612221238,157.53,157.53,157.44,157.44,7737
BA,201612221239,157.43,157.45,157.38,157.39,3140
BA,201612221240,157.4,157.44,157.39,157.41,8388
BA,201612221241,157.45,157.52,157.43,157.52,4302
BA,201612221242,157.56,157.6,157.56,157.6,3152
BA,201612221243,157.62,157.74,157.6,157.63,14802
BA,201612221244,157.62,157.64,157.58,157.63,6837
BA,201612221245,157.61,157.63,157.59,157.61,10342
BA,201612221246,157.62,157.68,157.62,157.68,3050
BA,201612221247,157.68,157.72,157.68,157.7,3167
BA,201612221248,157.69,157.71,157.69,157.71,2600
BA,201612221249,157.7,157.73,157.7,157.73,4789
BA,201612221250,157.74,157.74,157.68,157.68,7091
BA,201612221251,157.67,157.67,157.63,157.67,7445
BA,201612221252,157.67,157.69,157.65,157.66,5336
BA,201612221253,157.66,157.66,157.61,157.63,10505
BA,201612221254,157.64,157.65,157.62,157.63,6840
BA,201612221255,157.63,157.63,157.62,157.62,2995
BA,201612221256,157.61,157.62,157.54,157.54,4138
BA,201612221257,157.55,157.61,157.55,157.61,6082
BA,201612221258,157.6,157.61,157.58,157.58,4332
BA,201612221259,157.58,157.58,157.55,157.56,5800
BA,201612221300,157.55,157.56,157.5,157.5,6599
BA,201612221301,157.53,157.53,157.49,157.5,6963
BA,201612221302,157.49,157.51,157.46,157.47,3937
BA,201612221303,157.47,157.48,157.45,157.48,7435
BA,201612221304,157.48,157.49,157.46,157.46,3845
BA,201612221305,157.47,157.48,157.47,157.48,4750
BA,201612221306,157.47,157.49,157.45,157.47,3512
BA,201612221307,157.47,157.52,157.46,157.52,3400
BA,201612221308,157.53,157.59,157.53,157.53,1700
BA,201612221309,157.58,157.64,157.58,157.64,1499
BA,201612221310,157.64,157.65,157.63,157.63,4042
BA,201612221311,157.64,157.68,157.64,157.68,1617
BA,201612221312,157.68,157.68,157.64,157.65,1218
BA,201612221313,157.67,157.67,157.64,157.65,1905
BA,201612221314,157.66,157.72,157.66,157.72,2100
BA,201612221315,157.72,157.74,157.7,157.72,2761
BA,201612221316,157.71,157.73,157.7,157.7,4480
BA,201612221317,157.69,157.7,157.68,157.69,3579
BA,201612221318,157.68,157.7,157.66,157.67,7235
BA,201612221319,157.69,157.7,157.58,157.64,9805
BA,201612221320,157.62,157.64,157.54,157.57,8205
BA,201612221321,157.57,157.57,157.53,157.55,3400
BA,201612221322,157.55,157.56,157.52,157.52,1900
BA,201612221323,157.53,157.53,157.48,157.48,2800
BA,201612221324,157.41,157.45,157.41,157.42,500
BA,201612221325,157.38,157.57,157.38,157.57,7547
BA,201612221326,157.56,157.56,157.53,157.54,1800
BA,201612221327,157.55,157.58,157.51,157.57,4791
BA,201612221328,157.56,157.56,157.5,157.51,4552
BA,201612221329,157.54,157.54,157.48,157.48,1481
BA,201612221330,157.48,157.48,157.4,157.4,3492
BA,201612221331,157.38,157.4,157.34,157.39,2200
BA,201612221332,157.34,157.47,157.33,157.42,26696
BA,201612221333,157.41,157.41,157.4,157.41,3000
BA,201612221334,157.41,157.41,157.31,157.34,3952
BA,201612221335,157.35,157.44,157.35,157.42,3690
BA,201612221336,157.4,157.43,157.34,157.34,3400
BA,201612221337,157.34,157.44,157.32,157.44,2700
BA,201612221338,157.42,157.46,157.39,157.41,3711
BA,201612221339,157.38,157.42,157.35,157.39,3775
BA,201612221340,157.4,157.45,157.39,157.43,3790
BA,201612221341,157.42,157.42,157.36,157.36,2532
BA,201612221342,157.37,157.48,157.34,157.46,9400
BA,201612221343,157.48,157.48,157.38,157.38,1860
BA,201612221344,157.41,157.42,157.37,157.39,2700
BA,201612221345,157.38,157.43,157.35,157.43,4290
BA,201612221346,157.44,157.44,157.38,157.38,4166
BA,201612221347,157.41,157.41,157.32,157.35,1769
BA,201612221348,157.31,157.35,157.28,157.28,1085
BA,201612221349,157.28,157.34,157.26,157.26,3227
BA,201612221350,157.36,157.46,157.36,157.41,2755
BA,201612221351,157.37,157.4,157.32,157.34,1542
BA,201612221352,157.34,157.38,157.32,157.34,2200
BA,201612221353,157.35,157.37,157.34,157.35,2737
BA,201612221354,157.38,157.38,157.36,157.38,954
BA,201612221355,157.37,157.37,157.35,157.35,745
BA,201612221356,157.34,157.37,157.32,157.33,800
BA,201612221357,157.32,157.35,157.32,157.35,1119
BA,201612221358,157.36,157.36,157.32,157.34,2040
BA,201612221359,157.33,157.33,157.28,157.28,1000
BA,201612221400,157.29,157.31,157.28,157.31,3350
BA,201612221401,157.3,157.42,157.28,157.42,6480
BA,201612221402,157.43,157.47,157.41,157.42,2700
BA,201612221403,157.39,157.41,157.39,157.41,400
BA,201612221404,157.39,157.4,157.36,157.38,2083
BA,201612221405,157.43,157.48,157.41,157.45,7657
BA,201612221406,157.43,157.43,157.38,157.38,1300
BA,201612221407,157.4,157.4,157.36,157.36,2905
BA,201612221408,157.35,157.38,157.35,157.35,1100
BA,201612221409,157.29,157.35,157.29,157.33,2993
BA,201612221410,157.31,157.31,157.31,157.31,445
BA,201612221411,157.3,157.31,157.29,157.31,3100
BA,201612221412,157.29,157.29,157.21,157.24,4277
BA,201612221413,157.25,157.28,157.25,157.28,2100
BA,201612221414,157.27,157.27,157.18,157.19,2757
BA,201612221415,157.17,157.19,157.12,157.13,4231
BA,201612221416,157.14,157.18,157.14,157.14,2914
BA,201612221417,157.14,157.25,157.13,157.25,3741
BA,201612221418,157.27,157.31,157.25,157.31,2283
BA,201612221419,157.31,157.36,157.31,157.35,4200
BA,201612221420,157.35,157.35,157.34,157.34,913
BA,201612221421,157.34,157.34,157.32,157.34,1900
BA,201612221422,157.33,157.33,157.29,157.29,1000
BA,201612221423,157.27,157.28,157.26,157.28,2375
BA,201612221424,157.29,157.33,157.29,157.31,4283
BA,201612221425,157.32,157.37,157.31,157.32,7309
BA,201612221426,157.3,157.35,157.3,157.35,1300
BA,201612221427,157.37,157.44,157.36,157.44,4300
BA,201612221428,157.43,157.48,157.43,157.47,5315
BA,201612221429,157.45,157.47,157.43,157.43,2126
BA,201612221430,157.43,157.44,157.42,157.42,1150
BA,201612221431,157.43,157.43,157.41,157.41,5348
BA,201612221432,157.4,157.43,157.38,157.38,5450
BA,201612221433,157.4,157.4,157.37,157.37,902
BA,201612221434,157.38,157.4,157.29,157.31,5924
BA,201612221435,157.32,157.32,157.29,157.32,1000
BA,201612221436,157.32,157.32,157.31,157.31,884
BA,201612221437,157.32,157.33,157.32,157.32,1439
BA,201612221438,157.33,157.33,157.29,157.29,1358
BA,201612221439,157.31,157.37,157.31,157.37,2243
BA,201612221440,157.37,157.43,157.34,157.34,4118
BA,201612221441,157.33,157.37,157.33,157.37,650
BA,201612221442,157.35,157.36,157.33,157.35,1227
BA,201612221443,157.35,157.39,157.35,157.39,4017
BA,201612221444,157.4,157.4,157.39,157.39,1876
BA,201612221445,157.41,157.43,157.39,157.43,2836
BA,201612221446,157.45,157.45,157.42,157.42,2712
BA,201612221447,157.42,157.45,157.4,157.4,5968
BA,201612221448,157.39,157.48,157.39,157.46,5277
BA,201612221449,157.48,157.48,157.45,157.47,2349
BA,201612221450,157.49,157.49,157.45,157.45,3291
BA,201612221451,157.46,157.47,157.42,157.47,3214
BA,201612221452,157.47,157.58,157.47,157.55,4421
BA,201612221453,157.58,157.62,157.58,157.6,3350
BA,201612221454,157.61,157.65,157.57,157.65,6148
BA,201612221455,157.66,157.67,157.6,157.67,8419
BA,201612221456,157.68,157.71,157.67,157.69,2601
BA,201612221457,157.67,157.7,157.64,157.69,3410
BA,201612221458,157.7,157.73,157.66,157.66,6020
BA,201612221459,157.66,157.67,157.64,157.67,12087
BA,201612221500,157.68,157.74,157.67,157.7,4914
BA,201612221501,157.69,157.69,157.67,157.68,2600
BA,201612221502,157.67,157.7,157.65,157.66,4670
BA,201612221503,157.67,157.67,157.61,157.61,3650
BA,201612221504,157.59,157.64,157.58,157.61,3984
BA,201612221505,157.59,157.59,157.52,157.54,3649
BA,201612221506,157.5,157.51,157.42,157.43,3176
BA,201612221507,157.43,157.43,157.37,157.43,7089
BA,201612221508,157.44,157.5,157.44,157.47,2350
BA,201612221509,157.48,157.5,157.48,157.49,4872
BA,201612221510,157.48,157.49,157.46,157.47,4541
BA,201612221511,157.48,157.5,157.47,157.49,8419
BA,201612221512,157.49,157.49,157.45,157.47,4216
BA,201612221513,157.46,157.52,157.46,157.51,9607
BA,201612221514,157.5,157.53,157.46,157.53,15543
BA,201612221515,157.53,157.56,157.52,157.54,3065
BA,201612221516,157.55,157.57,157.54,157.57,2510
BA,201612221517,157.57,157.57,157.54,157.55,2714
BA,201612221518,157.51,157.53,157.5,157.51,588
BA,201612221519,157.53,157.6,157.51,157.51,6738
BA,201612221520,157.6,157.61,157.54,157.57,3775
BA,201612221521,157.54,157.6,157.54,157.59,4877
BA,201612221522,157.6,157.6,157.59,157.6,1150
BA,201612221523,157.6,157.6,157.53,157.54,3369
BA,201612221524,157.54,157.61,157.54,157.57,3804
BA,201612221525,157.58,157.6,157.55,157.55,3653
BA,201612221526,157.54,157.59,157.53,157.59,6014
BA,201612221527,157.57,157.57,157.55,157.56,1100
BA,201612221528,157.56,157.58,157.49,157.56,14192
BA,201612221529,157.54,157.57,157.54,157.55,2047
BA,201612221530,157.55,157.67,157.55,157.65,7006
BA,201612221531,157.65,157.65,157.61,157.62,6372
BA,201612221532,157.62,157.63,157.54,157.54,4395
BA,201612221533,157.54,157.58,157.54,157.58,10125
BA,201612221534,157.57,157.59,157.51,157.58,29301
BA,201612221535,157.6,157.62,157.52,157.53,8506
BA,201612221536,157.53,157.58,157.53,157.58,3482
BA,201612221537,157.59,157.59,157.51,157.51,3313
BA,201612221538,157.51,157.52,157.45,157.49,6495
BA,201612221539,157.49,157.59,157.48,157.56,3881
BA,201612221540,157.57,157.61,157.53,157.61,6646
BA,201612221541,157.62,157.62,157.59,157.61,3778
BA,201612221542,157.6,157.6,157.52,157.53,7795
BA,201612221543,157.52,157.55,157.52,157.53,2926
BA,201612221544,157.54,157.55,157.45,157.46,5742
BA,201612221545,157.45,157.53,157.4,157.53,13192
BA,201612221546,157.52,157.58,157.52,157.57,9424
BA,201612221547,157.59,157.61,157.48,157.49,16962
BA,201612221548,157.48,157.51,157.4,157.4,8168
BA,201612221549,157.41,157.42,157.38,157.41,12491
BA,201612221550,157.41,157.49,157.41,157.48,11070
BA,201612221551,157.48,157.49,157.45,157.46,10381
BA,201612221552,157.45,157.49,157.41,157.41,24017
BA,201612221553,157.41,157.42,157.37,157.37,10152
BA,201612221554,157.37,157.37,157.31,157.31,20020
BA,201612221555,157.31,157.37,157.31,157.35,13820
BA,201612221556,157.34,157.37,157.32,157.35,27397
BA,201612221557,157.35,157.37,157.31,157.37,13005
BA,201612221558,157.37,157.38,157.34,157.36,14051
BA,201612221559,157.35,157.55,157.35,157.45,53744
BA,201612221601,157.46,157.46,157.46,157.46,584938
BA,201612221630,157.46,157.46,157.46,157.46,36974
