<ticker>,<date>,<open>,<high>,<low>,<close>,<vol>
DAL,201701300902,48.92,48.92,48.92,48.92,100
DAL,201701300905,48.86,48.86,48.86,48.86,1195
DAL,201701300906,48.86,48.86,48.85,48.85,13653
DAL,201701300907,48.85,48.85,48.85,48.85,721
DAL,201701300908,48.85,48.85,48.85,48.85,200
DAL,201701300909,48.85,48.85,48.85,48.85,300
DAL,201701300911,48.85,48.86,48.85,48.86,300
DAL,201701300912,48.85,48.85,48.85,48.85,400
DAL,201701300913,48.85,48.86,48.84,48.86,1800
DAL,201701300914,48.84,48.84,48.84,48.84,100
DAL,201701300915,48.76,48.76,48.75,48.75,1800
DAL,201701300916,48.71,48.71,48.7,48.7,5700
DAL,201701300917,48.7,48.7,48.7,48.7,5452
DAL,201701300920,48.7,48.7,48.7,48.7,170
DAL,201701300922,48.71,48.71,48.71,48.71,300
DAL,201701300924,48.85,48.85,48.79,48.79,354
DAL,201701300925,48.8,48.87,48.79,48.87,2946
DAL,201701300926,48.88,48.98,48.86,48.86,6500
DAL,201701300927,48.94,48.98,48.82,48.82,5520
DAL,201701300928,48.9,48.9,48.9,48.9,850
DAL,201701300930,48.95,48.95,48.75,48.75,215195
DAL,201701300931,48.8,48.9,48.68,48.7,124899
DAL,201701300932,48.7,48.7,48.62,48.62,66379
DAL,201701300933,48.63,48.75,48.6,48.66,130501
DAL,201701300934,48.67,48.68,48.39,48.49,146351
DAL,201701300935,48.49,48.8,48.49,48.77,100622
DAL,201701300936,48.78,48.79,48.61,48.61,55468
DAL,201701300937,48.61,48.68,48.55,48.58,23784
DAL,201701300938,48.66,48.67,48.59,48.64,55832
DAL,201701300939,48.63,48.63,48.44,48.45,70257
DAL,201701300940,48.44,48.45,48.23,48.37,135290
DAL,201701300941,48.36,48.36,48.17,48.25,111283
DAL,201701300942,48.26,48.35,48.21,48.24,47591
DAL,201701300943,48.23,48.35,48.23,48.26,39495
DAL,201701300944,48.27,48.39,48.21,48.24,46511
DAL,201701300945,48.23,48.23,48.13,48.22,82726
DAL,201701300946,48.22,48.27,48.22,48.24,15388
DAL,201701300947,48.26,48.26,48.17,48.23,33961
DAL,201701300948,48.22,48.37,48.18,48.37,32951
DAL,201701300949,48.37,48.43,48.31,48.34,49280
DAL,201701300950,48.33,48.33,48.22,48.23,44731
DAL,201701300951,48.22,48.23,48.18,48.2,108613
DAL,201701300952,48.2,48.21,48.17,48.19,32256
DAL,201701300953,48.18,48.19,48.12,48.13,47158
DAL,201701300954,48.13,48.15,48.08,48.12,69417
DAL,201701300955,48.11,48.13,48.08,48.09,43049
DAL,201701300956,48.09,48.1,47.69,47.7,217245
DAL,201701300957,47.71,48.02,47.7,48,120094
DAL,201701300958,48,48.06,47.92,48.03,51365
DAL,201701300959,48.03,48.07,48,48.02,62622
DAL,201701301000,48.02,48.02,47.91,47.98,65957
DAL,201701301001,47.99,48.11,47.98,48.11,45457
DAL,201701301002,48.11,48.19,48.1,48.18,32782
DAL,201701301003,48.18,48.22,48.08,48.13,64988
DAL,201701301004,48.13,48.17,48.05,48.17,41826
DAL,201701301005,48.18,48.2,48.13,48.14,26046
DAL,201701301006,48.15,48.22,48.15,48.18,33619
DAL,201701301007,48.17,48.17,48.08,48.08,27461
DAL,201701301008,48.08,48.15,48.07,48.15,39965
DAL,201701301009,48.13,48.17,48.11,48.12,25921
DAL,201701301010,48.13,48.18,48.13,48.18,15400
DAL,201701301011,48.19,48.2,48.06,48.19,46811
DAL,201701301012,48.07,48.08,47.93,47.94,53498
DAL,201701301013,47.95,47.97,47.9,47.94,29531
DAL,201701301014,47.93,48.07,47.93,47.99,46384
DAL,201701301015,47.98,48.01,47.96,47.99,23918
DAL,201701301016,47.99,48.01,47.93,47.95,19323
DAL,201701301017,47.93,48,47.93,47.98,10186
DAL,201701301018,47.99,48.06,47.99,48.01,23311
DAL,201701301019,48,48.03,47.92,47.92,24725
DAL,201701301020,47.92,47.96,47.9,47.91,32018
DAL,201701301021,47.9,47.92,47.86,47.89,26015
DAL,201701301022,47.89,47.92,47.85,47.86,34638
DAL,201701301023,47.86,47.9,47.86,47.86,11159
DAL,201701301024,47.86,47.9,47.86,47.89,10688
DAL,201701301025,47.88,47.92,47.88,47.91,32965
DAL,201701301026,47.91,47.91,47.86,47.88,19361
DAL,201701301027,47.87,47.98,47.87,47.97,43399
DAL,201701301028,47.97,48.01,47.96,47.96,17846
DAL,201701301029,47.95,48,47.93,47.96,11424
DAL,201701301030,47.96,48,47.94,47.95,25308
DAL,201701301031,47.95,48.01,47.94,48,29409
DAL,201701301032,48.01,48.04,47.97,47.97,22583
DAL,201701301033,47.96,48,47.95,47.98,29693
DAL,201701301034,47.99,48.02,47.1,48.02,31457
DAL,201701301035,48.02,48.03,48,48,18084
DAL,201701301036,48,48.05,47.99,47.99,15167
DAL,201701301037,47.99,48.02,47.95,47.96,180055
DAL,201701301038,47.96,48.01,47.96,47.98,40526
DAL,201701301039,47.98,48.03,47.97,47.97,27885
DAL,201701301040,47.98,48.04,47.98,48.04,13905
DAL,201701301041,48.04,48.07,48.03,48.03,57497
DAL,201701301042,48.04,48.06,48.02,48.03,19275
DAL,201701301043,48.03,48.03,47.9,47.9,175282
DAL,201701301044,47.9,47.92,47.81,47.81,55588
DAL,201701301045,47.82,47.83,47.78,47.81,62187
DAL,201701301046,47.81,47.89,47.81,47.87,18222
DAL,201701301047,47.87,47.91,47.83,47.84,17609
DAL,201701301048,47.85,47.87,47.8,47.8,64862
DAL,201701301049,47.8,47.82,47.77,47.8,15936
DAL,201701301050,47.79,47.84,47.79,47.84,28768
DAL,201701301051,47.84,47.87,47.81,47.81,33352
DAL,201701301052,47.81,47.81,47.77,47.78,17467
DAL,201701301053,47.79,47.79,47.75,47.75,23106
DAL,201701301054,47.76,47.79,47.75,47.77,20012
DAL,201701301055,47.77,47.77,47.75,47.76,21000
DAL,201701301056,47.77,47.79,47.75,47.78,29070
DAL,201701301057,47.78,47.85,47.77,47.83,33128
DAL,201701301058,47.84,47.85,47.81,47.83,20973
DAL,201701301059,47.83,47.83,47.79,47.79,21679
DAL,201701301100,47.79,47.83,47.78,47.79,18720
DAL,201701301101,47.79,47.8,47.76,47.79,24134
DAL,201701301102,47.79,47.82,47.78,47.79,57084
DAL,201701301103,47.79,47.85,47.79,47.82,18613
DAL,201701301104,47.82,47.83,47.79,47.79,29418
DAL,201701301105,47.79,47.81,47.78,47.79,23743
DAL,201701301106,47.79,47.79,47.76,47.77,16915
DAL,201701301107,47.76,47.79,47.76,47.76,36361
DAL,201701301108,47.76,47.77,47.75,47.77,22583
DAL,201701301109,47.77,47.83,47.77,47.82,17060
DAL,201701301110,47.82,47.87,47.8,47.87,43817
DAL,201701301111,47.86,47.94,47.85,47.9,25842
DAL,201701301112,47.89,47.89,47.83,47.87,20875
DAL,201701301113,47.88,47.88,47.84,47.86,23962
DAL,201701301114,47.86,47.89,47.85,47.88,20371
DAL,201701301115,47.89,47.91,47.86,47.89,16022
DAL,201701301116,47.89,47.89,47.85,47.85,25995
DAL,201701301117,47.84,47.89,47.84,47.89,26574
DAL,201701301118,47.9,47.91,47.88,47.9,12719
DAL,201701301119,47.9,47.91,47.88,47.9,27722
DAL,201701301120,47.9,47.93,47.89,47.93,18394
DAL,201701301121,47.92,47.92,47.77,47.77,46739
DAL,201701301122,47.77,47.82,47.77,47.8,22631
DAL,201701301123,47.8,47.82,47.77,47.77,32275
DAL,201701301124,47.77,47.78,47.76,47.77,13580
DAL,201701301125,47.78,47.8,47.76,47.79,31668
DAL,201701301126,47.79,47.81,47.78,47.8,17422
DAL,201701301127,47.81,47.81,47.76,47.76,21952
DAL,201701301128,47.76,47.77,47.72,47.74,41781
DAL,201701301129,47.73,47.77,47.73,47.76,27977
DAL,201701301130,47.76,47.79,47.75,47.76,7456
DAL,201701301131,47.76,47.78,47.75,47.75,7355
DAL,201701301132,47.75,47.77,47.74,47.74,34789
DAL,201701301133,47.75,47.77,47.74,47.74,8539
DAL,201701301134,47.74,47.74,47.69,47.7,31844
DAL,201701301135,47.69,47.75,47.69,47.75,18535
DAL,201701301136,47.74,47.79,47.72,47.74,51674
DAL,201701301137,47.75,47.75,47.73,47.75,11129
DAL,201701301138,47.74,47.74,47.71,47.73,10592
DAL,201701301139,47.73,47.74,47.71,47.74,8196
DAL,201701301140,47.74,47.74,47.72,47.73,20575
DAL,201701301141,47.73,47.78,47.72,47.78,22071
DAL,201701301142,47.78,47.79,47.76,47.78,13427
DAL,201701301143,47.8,47.82,47.76,47.79,33332
DAL,201701301144,47.78,47.81,47.78,47.81,14875
DAL,201701301145,47.81,47.81,47.76,47.77,27657
DAL,201701301146,47.77,47.8,47.75,47.75,12545
DAL,201701301147,47.75,47.76,47.72,47.72,9629
DAL,201701301148,47.72,47.78,47.71,47.77,13258
DAL,201701301149,47.78,47.8,47.77,47.77,23138
DAL,201701301150,47.78,47.8,47.77,47.77,14399
DAL,201701301151,47.77,47.78,47.76,47.76,5847
DAL,201701301152,47.76,47.76,47.75,47.76,17026
DAL,201701301153,47.76,47.78,47.75,47.76,10730
DAL,201701301154,47.76,47.78,47.75,47.76,28835
DAL,201701301155,47.76,47.8,47.75,47.8,16596
DAL,201701301156,47.81,47.83,47.79,47.8,18852
DAL,201701301157,47.8,47.85,47.79,47.79,27684
DAL,201701301158,47.85,47.88,47.84,47.88,20710
DAL,201701301159,47.88,47.91,47.86,47.91,19782
DAL,201701301200,47.91,47.92,47.87,47.88,23106
DAL,201701301201,47.88,47.88,47.84,47.85,11232
DAL,201701301202,47.85,47.85,47.81,47.83,34442
DAL,201701301203,47.82,47.83,47.8,47.8,10900
DAL,201701301204,47.81,47.83,47.79,47.81,19628
DAL,201701301205,47.81,47.85,47.79,47.85,15241
DAL,201701301206,47.85,47.88,47.83,47.84,36392
DAL,201701301207,47.84,47.86,47.83,47.84,9248
DAL,201701301208,47.85,47.87,47.84,47.87,10135
DAL,201701301209,47.87,47.88,47.84,47.86,8606
DAL,201701301210,47.85,47.86,47.82,47.83,15522
DAL,201701301211,47.84,47.86,47.82,47.84,9430
DAL,201701301212,47.84,47.86,47.83,47.86,10968
DAL,201701301213,47.85,47.85,47.82,47.85,10711
DAL,201701301214,47.84,47.87,47.84,47.85,11437
DAL,201701301215,47.84,47.86,47.83,47.86,8241
DAL,201701301216,47.87,47.89,47.84,47.86,15226
DAL,201701301217,47.87,47.87,47.84,47.87,13136
DAL,201701301218,47.86,47.86,47.84,47.85,14218
DAL,201701301219,47.85,47.86,47.84,47.85,9691
DAL,201701301220,47.86,47.86,47.82,47.85,6196
DAL,201701301221,47.84,47.84,47.83,47.84,5468
DAL,201701301222,47.85,47.85,47.8,47.81,19072
DAL,201701301223,47.8,47.8,47.77,47.79,14010
DAL,201701301224,47.78,47.82,47.77,47.8,15217
DAL,201701301225,47.79,47.81,47.78,47.81,15581
DAL,201701301226,47.82,47.82,47.77,47.79,16894
DAL,201701301227,47.8,47.82,47.79,47.82,21566
DAL,201701301228,47.82,47.84,47.81,47.82,24844
DAL,201701301229,47.82,47.84,47.82,47.83,6045
DAL,201701301230,47.82,47.84,47.82,47.83,5805
DAL,201701301231,47.84,47.84,47.8,47.8,10401
DAL,201701301232,47.81,47.81,47.77,47.77,19372
DAL,201701301233,47.77,47.79,47.77,47.77,14254
DAL,201701301234,47.77,47.82,47.77,47.82,14048
DAL,201701301235,47.81,47.81,47.77,47.77,8074
DAL,201701301236,47.77,47.8,47.77,47.8,5200
DAL,201701301237,47.81,47.84,47.77,47.77,19936
DAL,201701301238,47.77,47.77,47.73,47.76,23636
DAL,201701301239,47.76,47.79,47.75,47.77,11376
DAL,201701301240,47.77,47.77,47.73,47.74,20569
DAL,201701301241,47.74,47.74,47.71,47.71,15949
DAL,201701301242,47.71,47.74,47.71,47.74,5925
DAL,201701301243,47.73,47.78,47.73,47.75,34335
DAL,201701301244,47.76,47.8,47.75,47.79,7128
DAL,201701301245,47.79,47.79,47.74,47.74,13995
DAL,201701301246,47.74,47.77,47.73,47.76,10695
DAL,201701301247,47.76,47.78,47.76,47.76,11181
DAL,201701301248,47.76,47.77,47.75,47.76,10281
DAL,201701301249,47.76,47.78,47.76,47.78,4500
DAL,201701301250,47.78,47.81,47.76,47.76,18401
DAL,201701301251,47.76,47.79,47.76,47.79,8705
DAL,201701301252,47.79,47.81,47.76,47.76,7566
DAL,201701301253,47.76,47.78,47.76,47.78,6360
DAL,201701301254,47.78,47.81,47.78,47.8,6300
DAL,201701301255,47.81,47.82,47.78,47.78,14491
DAL,201701301256,47.78,47.78,47.75,47.76,18675
DAL,201701301257,47.77,47.79,47.76,47.78,9594
DAL,201701301258,47.78,47.79,47.75,47.76,10089
DAL,201701301259,47.78,47.79,47.77,47.77,6502
DAL,201701301300,47.78,47.81,47.77,47.79,15309
DAL,201701301301,47.78,47.81,47.78,47.79,6575
DAL,201701301302,47.79,47.8,47.77,47.77,9580
DAL,201701301303,47.78,47.78,47.77,47.78,1300
DAL,201701301304,47.77,47.78,47.76,47.76,4462
DAL,201701301305,47.77,47.77,47.72,47.72,33569
DAL,201701301306,47.72,47.75,47.71,47.73,16524
DAL,201701301307,47.74,47.74,47.72,47.72,41842
DAL,201701301308,47.71,47.71,47.66,47.66,40495
DAL,201701301309,47.66,47.69,47.65,47.68,26359
DAL,201701301310,47.69,47.72,47.68,47.72,5884
DAL,201701301311,47.72,47.72,47.68,47.68,10782
DAL,201701301312,47.68,47.69,47.65,47.67,14721
DAL,201701301313,47.66,47.67,47.63,47.63,64287
DAL,201701301314,47.63,47.64,47.62,47.62,11552
DAL,201701301315,47.62,47.64,47.61,47.62,16373
DAL,201701301316,47.62,47.63,47.62,47.63,3144
DAL,201701301317,47.62,47.62,47.61,47.62,17550
DAL,201701301318,47.62,47.65,47.62,47.64,16294
DAL,201701301319,47.65,47.66,47.64,47.64,15559
DAL,201701301320,47.64,47.66,47.64,47.65,5488
DAL,201701301321,47.65,47.66,47.64,47.64,5993
DAL,201701301322,47.65,47.66,47.65,47.65,9198
DAL,201701301323,47.65,47.66,47.64,47.64,10404
DAL,201701301324,47.64,47.66,47.64,47.65,11234
DAL,201701301325,47.65,47.67,47.64,47.66,17285
DAL,201701301326,47.67,47.69,47.64,47.67,19374
DAL,201701301327,47.67,47.69,47.67,47.68,15317
DAL,201701301328,47.68,47.7,47.68,47.69,19365
DAL,201701301329,47.68,47.71,47.68,47.7,20542
DAL,201701301330,47.7,47.71,47.67,47.71,48220
DAL,201701301331,47.71,47.73,47.71,47.72,25120
DAL,201701301332,47.72,47.73,47.7,47.7,21232
DAL,201701301333,47.71,47.72,47.69,47.7,11809
DAL,201701301334,47.69,47.72,47.69,47.71,5900
DAL,201701301335,47.71,47.72,47.7,47.7,15096
DAL,201701301336,47.7,47.71,47.69,47.7,18703
DAL,201701301337,47.7,47.71,47.7,47.71,8989
DAL,201701301338,47.71,47.74,47.71,47.72,21020
DAL,201701301339,47.73,47.74,47.73,47.73,8000
DAL,201701301340,47.73,47.74,47.72,47.74,12478
DAL,201701301341,47.73,47.76,47.73,47.74,23405
DAL,201701301342,47.74,47.75,47.72,47.74,17601
DAL,201701301343,47.74,47.76,47.74,47.74,13630
DAL,201701301344,47.74,47.74,47.7,47.71,20190
DAL,201701301345,47.71,47.72,47.69,47.7,12130
DAL,201701301346,47.71,47.73,47.69,47.72,12688
DAL,201701301347,47.72,47.75,47.72,47.74,37832
DAL,201701301348,47.74,47.75,47.73,47.74,20454
DAL,201701301349,47.74,47.75,47.7,47.75,37139
DAL,201701301350,47.75,47.75,47.72,47.74,7674
DAL,201701301351,47.74,47.75,47.71,47.74,17355
DAL,201701301352,47.74,47.75,47.73,47.74,11012
DAL,201701301353,47.75,47.78,47.75,47.78,12507
DAL,201701301354,47.79,47.8,47.75,47.77,21750
DAL,201701301355,47.77,47.79,47.77,47.78,19420
DAL,201701301356,47.78,47.81,47.78,47.81,34068
DAL,201701301357,47.8,47.82,47.79,47.79,9480
DAL,201701301358,47.79,47.81,47.79,47.81,8328
DAL,201701301359,47.8,47.81,47.78,47.79,13999
DAL,201701301400,47.79,47.82,47.79,47.81,3158
DAL,201701301401,47.82,47.82,47.79,47.79,20934
DAL,201701301402,47.79,47.88,47.79,47.86,35837
DAL,201701301403,47.86,47.88,47.84,47.87,13953
DAL,201701301404,47.87,47.88,47.85,47.86,11026
DAL,201701301405,47.87,47.9,47.86,47.88,17723
DAL,201701301406,47.89,47.9,47.77,47.77,65899
DAL,201701301407,47.76,47.81,47.75,47.78,39390
DAL,201701301408,47.77,47.81,47.77,47.81,16893
DAL,201701301409,47.81,47.84,47.79,47.84,27954
DAL,201701301410,47.83,47.83,47.78,47.83,31122
DAL,201701301411,47.8,47.8,47.77,47.77,9015
DAL,201701301412,47.77,47.79,47.77,47.78,8676
DAL,201701301413,47.78,47.81,47.78,47.79,12489
DAL,201701301414,47.79,47.79,47.78,47.79,24477
DAL,201701301415,47.8,47.81,47.78,47.78,31561
DAL,201701301416,47.78,47.8,47.77,47.78,19103
DAL,201701301417,47.78,47.78,47.73,47.74,15167
DAL,201701301418,47.74,47.76,47.74,47.75,8347
DAL,201701301419,47.75,47.79,47.74,47.79,10602
DAL,201701301420,47.8,47.8,47.78,47.78,12949
DAL,201701301421,47.79,47.8,47.79,47.79,8338
DAL,201701301422,47.79,47.81,47.79,47.8,8200
DAL,201701301423,47.79,47.79,47.77,47.78,9336
DAL,201701301424,47.78,47.81,47.78,47.78,8639
DAL,201701301425,47.79,47.85,47.79,47.8,23889
DAL,201701301426,47.81,47.83,47.81,47.83,6090
DAL,201701301427,47.84,47.85,47.82,47.82,14320
DAL,201701301428,47.82,47.84,47.82,47.83,8920
DAL,201701301429,47.84,47.86,47.82,47.83,22091
DAL,201701301430,47.82,47.84,47.82,47.83,10253
DAL,201701301431,47.83,47.85,47.82,47.84,6189
DAL,201701301432,47.84,47.86,47.82,47.85,22987
DAL,201701301433,47.85,47.85,47.84,47.85,11700
DAL,201701301434,47.85,47.89,47.84,47.88,26039
DAL,201701301435,47.88,47.89,47.86,47.87,8195
DAL,201701301436,47.86,47.88,47.86,47.87,7241
DAL,201701301437,47.87,47.87,47.86,47.86,8824
DAL,201701301438,47.87,47.87,47.86,47.86,5294
DAL,201701301439,47.86,47.86,47.84,47.86,49713
DAL,201701301440,47.86,47.87,47.85,47.85,11019
DAL,201701301441,47.85,47.87,47.85,47.86,4950
DAL,201701301442,47.87,47.87,47.85,47.86,16000
DAL,201701301443,47.87,47.87,47.86,47.86,5648
DAL,201701301444,47.86,47.9,47.86,47.9,8592
DAL,201701301445,47.9,47.91,47.88,47.89,20666
DAL,201701301446,47.89,47.94,47.89,47.91,12370
DAL,201701301447,47.91,47.91,47.87,47.88,13804
DAL,201701301448,47.88,47.93,47.87,47.92,9493
DAL,201701301449,47.92,47.93,47.89,47.91,9495
DAL,201701301450,47.92,47.97,47.91,47.92,27178
DAL,201701301451,47.91,47.92,47.89,47.89,27477
DAL,201701301452,47.88,47.89,47.82,47.82,50732
DAL,201701301453,47.82,47.83,47.81,47.81,17746
DAL,201701301454,47.81,47.82,47.8,47.8,14491
DAL,201701301455,47.8,47.83,47.79,47.81,22774
DAL,201701301456,47.79,47.79,47.77,47.77,20464
DAL,201701301457,47.78,47.81,47.78,47.8,19651
DAL,201701301458,47.8,47.81,47.79,47.81,17274
DAL,201701301459,47.81,47.86,47.8,47.86,26923
DAL,201701301500,47.85,47.85,47.8,47.8,27749
DAL,201701301501,47.8,47.8,47.77,47.77,11713
DAL,201701301502,47.77,47.78,47.75,47.75,14669
DAL,201701301503,47.76,47.76,47.75,47.75,12422
DAL,201701301504,47.75,47.76,47.73,47.74,25665
DAL,201701301505,47.74,47.75,47.73,47.73,11890
DAL,201701301506,47.73,47.74,47.7,47.72,25469
DAL,201701301507,47.71,47.72,47.7,47.71,12948
DAL,201701301508,47.71,47.73,47.71,47.71,12394
DAL,201701301509,47.72,47.72,47.71,47.71,5300
DAL,201701301510,47.71,47.72,47.7,47.71,17389
DAL,201701301511,47.71,47.72,47.7,47.71,9534
DAL,201701301512,47.7,47.7,47.63,47.64,72180
DAL,201701301513,47.64,47.68,47.64,47.68,29441
DAL,201701301514,47.67,47.68,47.67,47.67,23166
DAL,201701301515,47.68,47.71,47.67,47.68,27173
DAL,201701301516,47.69,47.69,47.64,47.64,19833
DAL,201701301517,47.65,47.66,47.64,47.64,14747
DAL,201701301518,47.65,47.66,47.64,47.65,11868
DAL,201701301519,47.65,47.65,47.61,47.61,53072
DAL,201701301520,47.62,47.66,47.61,47.63,42408
DAL,201701301521,47.63,47.64,47.62,47.62,23089
DAL,201701301522,47.63,47.64,47.62,47.63,15386
DAL,201701301523,47.63,47.63,47.56,47.57,87463
DAL,201701301524,47.58,47.64,47.57,47.64,36255
DAL,201701301525,47.64,47.66,47.63,47.64,24595
DAL,201701301526,47.63,47.64,47.61,47.61,6278
DAL,201701301527,47.62,47.62,47.61,47.62,15452
DAL,201701301528,47.62,47.63,47.6,47.62,29024
DAL,201701301529,47.62,47.63,47.6,47.62,26680
DAL,201701301530,47.61,47.65,47.61,47.65,20365
DAL,201701301531,47.65,47.66,47.64,47.65,25665
DAL,201701301532,47.64,47.65,47.62,47.63,37115
DAL,201701301533,47.63,47.64,47.62,47.63,31678
DAL,201701301534,47.64,47.66,47.63,47.65,34336
DAL,201701301535,47.65,47.68,47.65,47.65,47003
DAL,201701301536,47.66,47.67,47.64,47.65,34549
DAL,201701301537,47.64,47.64,47.6,47.6,44285
DAL,201701301538,47.6,47.61,47.6,47.61,27157
DAL,201701301539,47.61,47.61,47.6,47.6,36423
DAL,201701301540,47.61,47.61,47.55,47.55,100007
DAL,201701301541,47.55,47.57,47.54,47.57,42468
DAL,201701301542,47.56,47.6,47.55,47.58,37337
DAL,201701301543,47.59,47.59,47.58,47.59,38222
DAL,201701301544,47.58,47.59,47.56,47.58,39081
DAL,201701301545,47.57,47.63,47.57,47.63,51932
DAL,201701301546,47.63,47.65,47.62,47.64,53309
DAL,201701301547,47.64,47.65,47.63,47.65,29314
DAL,201701301548,47.64,47.68,47.64,47.68,38374
DAL,201701301549,47.67,47.67,47.65,47.66,91594
DAL,201701301550,47.67,47.71,47.66,47.7,57691
DAL,201701301551,47.71,47.71,47.69,47.71,53696
DAL,201701301552,47.71,47.74,47.7,47.72,79787
DAL,201701301553,47.71,47.73,47.71,47.73,31953
DAL,201701301554,47.72,47.73,47.7,47.73,96493
DAL,201701301555,47.71,47.73,47.69,47.71,126156
DAL,201701301556,47.7,47.71,47.66,47.66,111225
DAL,201701301557,47.66,47.69,47.66,47.68,107614
DAL,201701301558,47.68,47.69,47.66,47.69,106536
DAL,201701301559,47.69,47.69,47.65,47.66,185718
DAL,201701301600,47.67,47.67,47.67,47.67,363418
DAL,201701301607,47.67,47.67,47.67,47.67,1357
DAL,201701301617,47.75,47.75,47.75,47.75,200
DAL,201701301636,47.72,47.72,47.72,47.72,300
DAL,201701301639,47.72,47.72,47.72,47.72,700
DAL,201701301640,47.71,47.71,47.71,47.71,1300
DAL,201701301659,47.75,47.75,47.75,47.75,150
