<ticker>,<date>,<open>,<high>,<low>,<close>,<vol>
GM,201701240903,36.7,36.7,36.7,36.7,204
GM,201701240907,36.7,36.7,36.7,36.7,500
GM,201701240908,36.76,36.76,36.76,36.76,213
GM,201701240910,36.7,36.7,36.7,36.7,100
GM,201701240912,36.76,36.76,36.76,36.76,388
GM,201701240920,36.7,36.76,36.7,36.76,400
GM,201701240921,36.76,36.76,36.76,36.76,1000
GM,201701240922,36.7,36.7,36.7,36.7,1200
GM,201701240925,36.7,36.7,36.7,36.7,300
GM,201701240930,36.7,36.94,36.68,36.82,211632
GM,201701240931,36.8,36.87,36.78,36.8,18438
GM,201701240932,36.8,36.9,36.8,36.87,21243
GM,201701240933,36.87,36.92,36.87,36.89,8760
GM,201701240934,36.89,36.98,36.88,36.96,26359
GM,201701240935,36.96,36.98,36.93,36.97,23209
GM,201701240936,36.97,36.99,36.96,36.96,37675
GM,201701240937,36.97,36.97,36.95,36.95,24588
GM,201701240938,36.95,36.98,36.9,36.94,37463
GM,201701240939,36.94,36.96,36.91,36.92,43490
GM,201701240940,36.91,36.94,36.91,36.94,29648
GM,201701240941,36.93,36.98,36.93,36.94,18432
GM,201701240942,36.97,36.99,36.97,36.98,12751
GM,201701240943,36.98,37.02,36.98,37.01,59844
GM,201701240944,37.01,37.08,37.01,37.07,39214
GM,201701240945,37.07,37.14,37.07,37.08,58551
GM,201701240946,37.09,37.12,37.09,37.1,25183
GM,201701240947,37.09,37.1,37.03,37.05,32391
GM,201701240948,37.05,37.06,37.04,37.05,37998
GM,201701240949,37.05,37.06,37.01,37.02,32661
GM,201701240950,37.02,37.02,37,37,23129
GM,201701240951,37,37.03,36.99,37,34997
GM,201701240952,37,37.02,37,37.01,13922
GM,201701240953,37.01,37.04,37.01,37.03,14971
GM,201701240954,37.04,37.05,37.01,37.05,32183
GM,201701240955,37.05,37.12,37.05,37.07,161217
GM,201701240956,37.07,37.11,37.06,37.09,34884
GM,201701240957,37.08,37.1,37.08,37.09,17444
GM,201701240958,37.09,37.12,37.09,37.09,21733
GM,201701240959,37.09,37.11,37.08,37.09,26961
GM,201701241000,37.08,37.09,37.05,37.05,24738
GM,201701241001,37.05,37.05,37.01,37.01,51932
GM,201701241002,37.01,37.01,36.98,36.99,32896
GM,201701241003,36.99,37.05,36.99,37.05,31979
GM,201701241004,37.05,37.06,37.04,37.05,10582
GM,201701241005,37.06,37.06,37.04,37.04,24951
GM,201701241006,37.04,37.06,37.03,37.05,32548
GM,201701241007,37.05,37.08,37.04,37.06,38256
GM,201701241008,37.07,37.07,37.04,37.05,18027
GM,201701241009,37.04,37.05,37.03,37.04,15970
GM,201701241010,37.05,37.07,37.04,37.05,21384
GM,201701241011,37.07,37.09,37.04,37.05,59775
GM,201701241012,37.05,37.16,37.05,37.14,141842
GM,201701241013,37.14,37.15,37.09,37.1,69525
GM,201701241014,37.1,37.12,37.09,37.1,18648
GM,201701241015,37.1,37.12,37.09,37.1,20127
GM,201701241016,37.1,37.11,37.09,37.09,19294
GM,201701241017,37.09,37.09,37.07,37.08,31527
GM,201701241018,37.09,37.1,37.08,37.1,8903
GM,201701241019,37.09,37.11,37.09,37.1,28837
GM,201701241020,37.1,37.11,37.09,37.09,15316
GM,201701241021,37.09,37.11,37.09,37.11,40279
GM,201701241022,37.11,37.12,37.08,37.09,17497
GM,201701241023,37.08,37.11,37.07,37.09,20960
GM,201701241024,37.09,37.12,37.09,37.12,12346
GM,201701241025,37.12,37.14,37.12,37.12,23924
GM,201701241026,37.12,37.15,37.12,37.15,13024
GM,201701241027,37.15,37.2,37.14,37.18,45680
GM,201701241028,37.17,37.17,37.15,37.15,19132
GM,201701241029,37.16,37.16,37.12,37.12,17815
GM,201701241030,37.12,37.15,37.12,37.14,22361
GM,201701241031,37.14,37.15,37.13,37.14,14089
GM,201701241032,37.14,37.15,37.12,37.13,30236
GM,201701241033,37.13,37.14,37.12,37.12,32511
GM,201701241034,37.12,37.12,37.11,37.11,10810
GM,201701241035,37.11,37.12,37.09,37.09,37289
GM,201701241036,37.1,37.11,37.1,37.11,16970
GM,201701241037,37.11,37.11,37.09,37.09,27122
GM,201701241038,37.09,37.11,37.08,37.08,26832
GM,201701241039,37.08,37.09,37.08,37.08,26468
GM,201701241040,37.08,37.1,37.08,37.1,15070
GM,201701241041,37.09,37.1,37.09,37.09,5930
GM,201701241042,37.09,37.1,37.08,37.09,15274
GM,201701241043,37.09,37.1,36.89,37.09,4651
GM,201701241044,37.09,37.1,36.89,37.08,21042
GM,201701241045,37.09,37.1,36.89,37.09,14120
GM,201701241046,37.09,37.1,37.09,37.09,5607
GM,201701241047,37.09,37.09,37.05,37.05,18584
GM,201701241048,37.05,37.06,37.05,37.06,19776
GM,201701241049,37.06,37.07,37.05,37.06,7385
GM,201701241050,37.07,37.07,37.06,37.06,10628
GM,201701241051,37.06,37.07,37.06,37.06,11626
GM,201701241052,37.06,37.09,37.06,37.07,20732
GM,201701241053,37.07,37.08,37.07,37.07,10605
GM,201701241054,37.07,37.08,37.07,37.08,5029
GM,201701241055,37.07,37.08,37.07,37.07,3415
GM,201701241056,37.07,37.08,37.06,37.06,21567
GM,201701241057,37.06,37.07,37.05,37.06,15772
GM,201701241058,37.06,37.08,37.05,37.07,14921
GM,201701241059,37.07,37.08,37.07,37.07,9161
GM,201701241100,37.07,37.1,37.04,37.04,44699
GM,201701241101,37.05,37.06,37.04,37.05,12942
GM,201701241102,37.05,37.05,37.03,37.04,11591
GM,201701241103,37.03,37.04,37.03,37.04,6096
GM,201701241104,37.04,37.05,37.02,37.05,16874
GM,201701241105,37.04,37.07,37.04,37.06,12155
GM,201701241106,37.06,37.06,37.04,37.04,15464
GM,201701241107,37.04,37.07,37.04,37.06,19267
GM,201701241108,37.06,37.1,37.06,37.08,40291
GM,201701241109,37.08,37.11,37.08,37.09,25235
GM,201701241110,37.09,37.09,37.08,37.08,23061
GM,201701241111,37.08,37.09,37.08,37.09,14228
GM,201701241112,37.08,37.08,37.06,37.06,17482
GM,201701241113,37.07,37.07,37.06,37.06,10070
GM,201701241114,37.06,37.07,37.05,37.05,9814
GM,201701241115,37.06,37.07,37.06,37.07,17498
GM,201701241116,37.07,37.09,37.06,37.09,9495
GM,201701241117,37.08,37.13,37.08,37.13,15206
GM,201701241118,37.12,37.13,37.12,37.12,6058
GM,201701241119,37.12,37.12,37.1,37.1,17924
GM,201701241120,37.11,37.12,37.1,37.12,8564
GM,201701241121,37.12,37.12,37.11,37.12,4876
GM,201701241122,37.13,37.14,37.11,37.11,15494
GM,201701241123,37.11,37.11,37.09,37.09,7192
GM,201701241124,37.09,37.11,37.09,37.1,9996
GM,201701241125,37.11,37.12,37.1,37.11,6078
GM,201701241126,37.12,37.12,37.11,37.11,3275
GM,201701241127,37.11,37.12,37.09,37.1,21267
GM,201701241128,37.09,37.1,37.09,37.09,15405
GM,201701241129,37.09,37.11,37.09,37.1,14714
GM,201701241130,37.11,37.12,37.09,37.1,52261
GM,201701241131,37.1,37.11,37.09,37.1,12734
GM,201701241132,37.1,37.11,37.09,37.11,25231
GM,201701241133,37.11,37.14,37.11,37.12,33841
GM,201701241134,37.13,37.13,37.1,37.12,48787
GM,201701241135,37.12,37.14,37.12,37.13,35814
GM,201701241136,37.13,37.14,37.13,37.14,15113
GM,201701241137,37.14,37.15,37.14,37.15,4137
GM,201701241138,37.14,37.15,37.14,37.15,15534
GM,201701241139,37.15,37.16,37.14,37.15,24623
GM,201701241140,37.16,37.16,37.15,37.16,6458
GM,201701241141,37.16,37.17,37.15,37.16,10712
GM,201701241142,37.17,37.18,37.15,37.15,26918
GM,201701241143,37.15,37.18,37.15,37.17,8465
GM,201701241144,37.17,37.19,37.17,37.19,10105
GM,201701241145,37.19,37.21,37.19,37.19,46180
GM,201701241146,37.2,37.2,37.18,37.18,7369
GM,201701241147,37.18,37.19,37.17,37.18,12242
GM,201701241148,37.19,37.23,37.18,37.22,21027
GM,201701241149,37.21,37.22,37.2,37.21,14633
GM,201701241150,37.21,37.23,37.21,37.22,6500
GM,201701241151,37.22,37.23,37.22,37.23,4984
GM,201701241152,37.22,37.24,37.22,37.22,27056
GM,201701241153,37.23,37.23,37.2,37.2,12258
GM,201701241154,37.21,37.21,37.17,37.17,16000
GM,201701241155,37.18,37.2,37.17,37.2,11905
GM,201701241156,37.19,37.2,37.18,37.2,16390
GM,201701241157,37.2,37.2,37.19,37.19,13690
GM,201701241158,37.19,37.19,37.17,37.19,42131
GM,201701241159,37.19,37.19,37.15,37.16,7996
GM,201701241200,37.16,37.16,37.15,37.15,6000
GM,201701241201,37.15,37.15,37.13,37.14,27727
GM,201701241202,37.14,37.14,37.13,37.14,21743
GM,201701241203,37.13,37.14,37.13,37.13,8108
GM,201701241204,37.13,37.14,37.12,37.12,40158
GM,201701241205,37.11,37.14,37.11,37.13,3178
GM,201701241206,37.14,37.14,37.12,37.14,21782
GM,201701241207,37.13,37.15,37.13,37.15,10174
GM,201701241208,37.14,37.16,37.14,37.14,25692
GM,201701241209,37.15,37.15,37.12,37.13,21654
GM,201701241210,37.12,37.15,37.12,37.14,27605
GM,201701241211,37.13,37.14,37.13,37.13,3930
GM,201701241212,37.13,37.16,37.13,37.16,23052
GM,201701241213,37.16,37.17,37.14,37.16,43935
GM,201701241214,37.16,37.16,37.15,37.16,16343
GM,201701241215,37.17,37.18,37.16,37.18,13120
GM,201701241216,37.17,37.18,37.14,37.14,70945
GM,201701241217,37.14,37.15,37.13,37.13,11403
GM,201701241218,37.14,37.14,37.13,37.14,4132
GM,201701241219,37.14,37.14,37.11,37.11,10784
GM,201701241220,37.11,37.13,37.11,37.12,23383
GM,201701241221,37.12,37.15,37.12,37.12,23571
GM,201701241222,37.13,37.16,37.12,37.15,29474
GM,201701241223,37.15,37.16,37.15,37.15,5952
GM,201701241224,37.15,37.16,37.14,37.14,30065
GM,201701241225,37.14,37.16,37.14,37.15,36406
GM,201701241226,37.16,37.16,37.15,37.16,8509
GM,201701241227,37.16,37.17,37.14,37.16,44728
GM,201701241228,37.16,37.16,37.15,37.15,20670
GM,201701241229,37.15,37.16,37.15,37.16,14682
GM,201701241230,37.15,37.16,37.14,37.16,34061
GM,201701241231,37.16,37.16,37.14,37.15,25698
GM,201701241232,37.15,37.16,37.15,37.15,9735
GM,201701241233,37.15,37.16,37.15,37.16,10623
GM,201701241234,37.16,37.17,37.16,37.16,58712
GM,201701241235,37.17,37.17,37.16,37.17,31894
GM,201701241236,37.17,37.17,37.16,37.17,19331
GM,201701241237,37.16,37.17,37.16,37.16,6780
GM,201701241238,37.17,37.17,37.16,37.17,5737
GM,201701241239,37.16,37.17,37.14,37.15,28676
GM,201701241240,37.16,37.16,37.15,37.16,9002
GM,201701241241,37.16,37.17,37.16,37.17,1100
GM,201701241242,37.17,37.17,37.16,37.17,24511
GM,201701241243,37.17,37.18,37.16,37.16,9605
GM,201701241244,37.17,37.17,37.16,37.16,2632
GM,201701241245,37.17,37.17,37.16,37.16,11606
GM,201701241246,37.17,37.17,37.15,37.16,27035
GM,201701241247,37.16,37.17,37.16,37.17,17649
GM,201701241248,37.16,37.17,37.16,37.16,4416
GM,201701241249,37.16,37.17,37.16,37.17,4400
GM,201701241250,37.16,37.17,37.16,37.16,18778
GM,201701241251,37.17,37.17,37.13,37.13,49061
GM,201701241252,37.14,37.15,37.14,37.14,22819
GM,201701241253,37.14,37.14,37.14,37.14,3117
GM,201701241254,37.14,37.15,37.14,37.14,3985
GM,201701241255,37.14,37.15,37.13,37.14,18283
GM,201701241256,37.13,37.13,37.09,37.09,13494
GM,201701241257,37.1,37.11,37.1,37.1,16727
GM,201701241258,37.11,37.13,37.11,37.13,10590
GM,201701241259,37.14,37.14,37.12,37.12,5654
GM,201701241300,37.12,37.13,37.12,37.13,1705
GM,201701241301,37.13,37.16,37.13,37.15,23387
GM,201701241302,37.15,37.16,37.15,37.16,26291
GM,201701241303,37.16,37.16,37.15,37.15,13088
GM,201701241304,37.15,37.16,37.14,37.14,57489
GM,201701241305,37.15,37.15,37.13,37.14,39339
GM,201701241306,37.15,37.15,37.14,37.15,9012
GM,201701241307,37.15,37.15,37.14,37.14,16152
GM,201701241308,37.16,37.17,37.16,37.16,17912
GM,201701241309,37.17,37.17,37.15,37.15,74298
GM,201701241310,37.16,37.17,37.16,37.16,43027
GM,201701241311,37.17,37.17,37.16,37.17,3100
GM,201701241312,37.16,37.17,37.16,37.16,9300
GM,201701241313,37.16,37.17,37.16,37.16,52931
GM,201701241314,37.17,37.17,37.13,37.15,53648
GM,201701241315,37.14,37.16,37.14,37.15,6800
GM,201701241316,37.15,37.16,37.15,37.15,19434
GM,201701241317,37.16,37.16,37.13,37.14,23076
GM,201701241318,37.13,37.16,37.13,37.16,3394
GM,201701241319,37.16,37.16,37.13,37.13,14917
GM,201701241320,37.14,37.14,37.13,37.13,8806
GM,201701241321,37.13,37.14,37.13,37.13,7670
GM,201701241322,37.13,37.16,37.13,37.16,12185
GM,201701241323,37.16,37.16,37.15,37.16,13530
GM,201701241324,37.15,37.16,37.13,37.13,24893
GM,201701241325,37.13,37.14,37.13,37.14,3572
GM,201701241326,37.14,37.14,37.13,37.14,1270
GM,201701241327,37.14,37.15,37.13,37.14,2165
GM,201701241328,37.13,37.14,37.13,37.13,2873
GM,201701241329,37.14,37.16,37.13,37.15,7284
GM,201701241330,37.15,37.17,37.15,37.16,13822
GM,201701241331,37.17,37.18,37.15,37.16,56950
GM,201701241332,37.16,37.17,37.16,37.16,8378
GM,201701241333,37.16,37.18,37.16,37.17,19008
GM,201701241334,37.18,37.18,37.16,37.17,6424
GM,201701241335,37.17,37.18,37.16,37.18,37844
GM,201701241336,37.18,37.18,37.16,37.16,28263
GM,201701241337,37.17,37.18,37.17,37.17,5907
GM,201701241338,37.17,37.18,37.17,37.18,16200
GM,201701241339,37.18,37.18,37.14,37.15,29865
GM,201701241340,37.16,37.18,37.16,37.18,14318
GM,201701241341,37.18,37.18,37.17,37.18,10105
GM,201701241342,37.17,37.18,37.17,37.17,4564
GM,201701241343,37.17,37.19,37.16,37.17,80011
GM,201701241344,37.17,37.18,37.16,37.17,9700
GM,201701241345,37.16,37.17,37.16,37.17,4106
GM,201701241346,37.17,37.19,37.17,37.18,9156
GM,201701241347,37.18,37.18,37.17,37.17,11165
GM,201701241348,37.17,37.18,37.16,37.16,50776
GM,201701241349,37.16,37.18,37.16,37.17,19746
GM,201701241350,37.18,37.18,37.16,37.17,16527
GM,201701241351,37.18,37.18,37.17,37.18,16540
GM,201701241352,37.18,37.18,37.17,37.17,5589
GM,201701241353,37.17,37.18,37.16,37.17,42526
GM,201701241354,37.16,37.17,37.16,37.16,13800
GM,201701241355,37.16,37.17,37.16,37.17,4171
GM,201701241356,37.16,37.17,37.16,37.17,15074
GM,201701241357,37.16,37.17,37.14,37.16,23434
GM,201701241358,37.16,37.17,37.15,37.16,6593
GM,201701241359,37.16,37.17,37.16,37.17,19567
GM,201701241400,37.16,37.17,37.16,37.17,22744
GM,201701241401,37.16,37.17,37.16,37.17,39760
GM,201701241402,37.17,37.18,37.16,37.17,24856
GM,201701241403,37.17,37.19,37.17,37.19,18288
GM,201701241404,37.18,37.19,37.18,37.19,32602
GM,201701241405,37.18,37.19,37.18,37.18,28028
GM,201701241406,37.18,37.19,37.18,37.19,32741
GM,201701241407,37.18,37.19,37.17,37.17,14943
GM,201701241408,37.17,37.18,37.17,37.18,14509
GM,201701241409,37.18,37.18,37.17,37.17,30024
GM,201701241410,37.18,37.18,37.16,37.16,23972
GM,201701241411,37.16,37.16,37.13,37.14,35542
GM,201701241412,37.14,37.17,37.14,37.17,9246
GM,201701241413,37.17,37.18,37.16,37.16,19823
GM,201701241414,37.16,37.17,37.16,37.16,11303
GM,201701241415,37.17,37.18,37.17,37.17,7800
GM,201701241416,37.18,37.19,37.17,37.18,51375
GM,201701241417,37.18,37.19,37.17,37.18,22864
GM,201701241418,37.17,37.19,37.17,37.19,30072
GM,201701241419,37.18,37.19,37.18,37.18,4010
GM,201701241420,37.18,37.19,37.18,37.18,4883
GM,201701241421,37.18,37.19,37.18,37.18,10491
GM,201701241422,37.18,37.19,37.18,37.19,8627
GM,201701241423,37.18,37.19,37.18,37.18,6185
GM,201701241424,37.19,37.19,37.18,37.19,11089
GM,201701241425,37.18,37.19,37.17,37.18,19241
GM,201701241426,37.18,37.18,37.17,37.18,13228
GM,201701241427,37.18,37.19,37.16,37.18,25589
GM,201701241428,37.17,37.18,37.16,37.17,17426
GM,201701241429,37.17,37.18,37.17,37.18,4240
GM,201701241430,37.18,37.18,37.16,37.17,33010
GM,201701241431,37.17,37.19,37.17,37.18,15486
GM,201701241432,37.18,37.19,37.18,37.18,15807
GM,201701241433,37.19,37.19,37.18,37.19,22114
GM,201701241434,37.19,37.19,37.17,37.18,32327
GM,201701241435,37.17,37.19,37.17,37.18,17328
GM,201701241436,37.18,37.19,37.17,37.18,11800
GM,201701241437,37.17,37.19,37.17,37.19,19473
GM,201701241438,37.19,37.19,37.18,37.19,16650
GM,201701241439,37.18,37.19,37.18,37.19,11500
GM,201701241440,37.19,37.19,37.18,37.19,30617
GM,201701241441,37.19,37.19,37.18,37.19,4011
GM,201701241442,37.19,37.19,37.18,37.19,9588
GM,201701241443,37.19,37.2,37.18,37.2,33223
GM,201701241444,37.2,37.2,37.19,37.19,20634
GM,201701241445,37.19,37.2,37.19,37.2,9286
GM,201701241446,37.19,37.2,37.19,37.19,6222
GM,201701241447,37.19,37.2,37.19,37.19,9920
GM,201701241448,37.2,37.2,37.18,37.18,34186
GM,201701241449,37.18,37.19,37.18,37.18,12223
GM,201701241450,37.19,37.19,37.17,37.18,27027
GM,201701241451,37.17,37.18,37.13,37.13,66807
GM,201701241452,37.13,37.13,37.12,37.12,66220
GM,201701241453,37.12,37.13,37.12,37.12,16141
GM,201701241454,37.13,37.13,37.12,37.12,10044
GM,201701241455,37.12,37.13,37.12,37.12,28004
GM,201701241456,37.13,37.13,37.12,37.13,11101
GM,201701241457,37.12,37.13,37.12,37.13,5351
GM,201701241458,37.12,37.13,37.09,37.11,51600
GM,201701241459,37.11,37.14,37.11,37.14,26471
GM,201701241500,37.14,37.16,37.12,37.13,71003
GM,201701241501,37.13,37.13,37.12,37.13,42970
GM,201701241502,37.13,37.15,37.13,37.14,30187
GM,201701241503,37.14,37.16,37.14,37.14,21895
GM,201701241504,37.14,37.15,37.14,37.14,10872
GM,201701241505,37.14,37.15,37.13,37.14,44258
GM,201701241506,37.13,37.14,37.13,37.13,8903
GM,201701241507,37.13,37.13,37.12,37.12,13593
GM,201701241508,37.12,37.14,37.11,37.14,43782
GM,201701241509,37.13,37.16,37.13,37.15,14467
GM,201701241510,37.15,37.15,37.13,37.13,11732
GM,201701241511,37.13,37.16,37.13,37.15,22655
GM,201701241512,37.15,37.16,37.12,37.13,17166
GM,201701241513,37.12,37.14,37.12,37.12,24142
GM,201701241514,37.12,37.13,37.11,37.12,28503
GM,201701241515,37.12,37.13,37.1,37.1,26572
GM,201701241516,37.1,37.1,37.09,37.09,33974
GM,201701241517,37.09,37.1,37.07,37.07,22675
GM,201701241518,37.07,37.1,37.07,37.09,35863
GM,201701241519,37.09,37.11,37.09,37.09,28640
GM,201701241520,37.09,37.1,37.09,37.1,7801
GM,201701241521,37.1,37.1,37.08,37.08,27177
GM,201701241522,37.08,37.09,37.08,37.08,16493
GM,201701241523,37.08,37.09,37.06,37.06,26245
GM,201701241524,37.06,37.07,36.1,37,325945
GM,201701241525,37,37.06,36.1,37.04,36282
GM,201701241526,37.05,37.05,37.02,37.05,61206
GM,201701241527,37.02,37.03,37,37,15784
GM,201701241528,37,37.01,36.1,36.99,25112
GM,201701241529,37,37.01,36.1,37,109817
GM,201701241530,37,37.01,36.1,36.99,89404
GM,201701241531,37,37,36.99,37,16855
GM,201701241532,36.99,37,36.98,36.98,31548
GM,201701241533,36.99,37.01,36.96,37.01,69142
GM,201701241534,37,37,36.99,36.99,16512
GM,201701241535,36.99,37,36.1,36.99,15078
GM,201701241536,36.99,37,36.1,36.98,28214
GM,201701241537,36.98,36.99,36.98,36.98,21276
GM,201701241538,36.98,37,36.1,37,89371
GM,201701241539,36.99,37,36.98,36.99,62135
GM,201701241540,36.99,37,36.1,36.99,6439
GM,201701241541,36.99,37,36.1,36.99,20839
GM,201701241542,37,37,36.1,36.99,16418
GM,201701241543,37,37,36.1,36.99,50276
GM,201701241544,36.99,37,36.1,37,12961
GM,201701241545,37,37,36.1,36.99,26668
GM,201701241546,36.99,37,36.1,36.99,29299
GM,201701241547,36.99,37,36.1,37,121849
GM,201701241548,37,37,36.1,36.99,33386
GM,201701241549,36.99,37,36.1,36.99,17148
GM,201701241550,36.99,37,36.1,37,83089
GM,201701241551,37,37,36.1,36.99,42475
GM,201701241552,36.99,36.99,36.97,36.98,108362
GM,201701241553,36.99,36.99,36.98,36.98,59241
GM,201701241554,36.98,36.99,36.98,36.98,34703
GM,201701241555,36.98,36.98,36.97,36.98,80958
GM,201701241556,36.98,36.98,36.97,36.97,40287
GM,201701241557,36.97,36.99,36.94,36.99,227210
GM,201701241558,36.99,37,36.1,36.99,63290
GM,201701241559,37,37,36.1,37,130633
GM,201701241600,37.01,37.01,37.01,37.01,155
GM,201701241601,37,37,37,37,614549
GM,201701241626,37,37,37,37,18067
GM,201701241652,36.93,36.93,36.93,36.93,150
GM,201701241657,37.09,37.09,37.09,37.09,100
