<ticker>,<date>,<open>,<high>,<low>,<close>,<vol>
M,201511120900,40.04,40.09,39.97,39.97,8608
M,201511120901,39.91,39.94,39.91,39.94,525
M,201511120902,39.94,39.95,39.93,39.95,1325
M,201511120903,39.95,39.97,39.95,39.96,3847
M,201511120904,40,40,40,40,900
M,201511120905,39.95,39.96,39.95,39.95,775
M,201511120906,39.94,39.94,39.89,39.89,8850
M,201511120907,39.9,39.9,39.9,39.9,1600
M,201511120908,39.92,39.92,39.92,39.92,1100
M,201511120909,39.92,39.95,39.91,39.95,2350
M,201511120910,39.95,39.96,39.95,39.96,500
M,201511120911,40,40,40,40,2100
M,201511120912,40,40,39.95,39.95,500
M,201511120913,39.98,40,39.98,40,1300
M,201511120914,40,40,40,40,500
M,201511120915,40,40,40,40,100
M,201511120916,39.99,39.99,39.98,39.98,825
M,201511120918,39.99,39.99,39.98,39.98,300
M,201511120920,39.99,39.99,39.99,39.99,1200
M,201511120921,39.99,40,39.99,40,14950
M,201511120922,39.99,40.12,39.99,40.12,1769
M,201511120923,40.12,40.13,40.12,40.13,492
M,201511120925,40.13,40.13,40.13,40.13,197
M,201511120926,40.08,40.15,40.08,40.15,1600
M,201511120929,40.15,40.15,40.15,40.15,100
M,201511120930,40.12,40.17,40.11,40.17,6170
M,201511120931,40.18,40.26,40.06,40.17,116524
M,201511120932,40.17,40.18,40.01,40.07,125734
M,201511120933,40.06,40.07,39.97,39.99,98851
M,201511120934,39.99,40.1,39.98,40.05,107173
M,201511120935,40.04,40.08,40.02,40.02,59330
M,201511120936,40.03,40.05,39.99,40.01,88055
M,201511120937,40.01,40.02,39.93,39.98,118654
M,201511120938,39.98,40.03,39.93,40.0265,72897
M,201511120939,40.03,40.47,40.02,40.45,148750
M,201511120940,40.43,40.6,40.3501,40.38,96482
M,201511120941,40.35,40.38,40.26,40.33,40205
M,201511120942,40.32,40.47,40.32,40.46,62861
M,201511120943,40.45,40.58,40.37,40.56,91543
M,201511120944,40.4398,40.56,40.4398,40.5405,40443
M,201511120945,40.5465,40.75,40.53,40.66,102623
M,201511120946,40.7,40.73,40.65,40.68,38171
M,201511120947,40.68,40.84,40.66,40.8,71037
M,201511120948,40.82,40.82,40.69,40.71,58265
M,201511120949,40.7,40.76,40.7,40.73,42738
M,201511120950,40.72,40.85,40.72,40.8,45784
M,201511120951,40.8,40.81,40.76,40.76,45103
M,201511120952,40.79,40.85,40.7601,40.8451,36159
M,201511120953,40.85,40.85,40.62,40.68,65266
M,201511120954,40.68,40.78,40.66,40.7674,26935
M,201511120955,40.75,40.76,40.73,40.76,26139
M,201511120956,40.75,40.92,40.75,40.8965,99534
M,201511120957,40.89,40.97,40.89,40.97,55970
M,201511120958,40.97,41.12,40.9506,41.07,77780
M,201511120959,41.07,41.16,41.05,41.1301,42791
M,201511121000,41.16,41.16,40.92,40.9385,68918
M,201511121001,40.94,41,40.91,40.98,56665
M,201511121002,40.98,40.99,40.84,40.87,37415
M,201511121003,40.8745,40.9114,40.85,40.87,23753
M,201511121004,40.8635,40.87,40.83,40.83,35981
M,201511121005,40.84,40.91,40.79,40.79,65862
M,201511121006,40.79,40.8,40.74,40.74,42366
M,201511121007,40.74,40.75,40.7,40.7049,32721
M,201511121008,40.71,40.83,40.67,40.82,45222
M,201511121009,40.81,40.94,40.8098,40.94,40353
M,201511121010,40.94,41,40.92,40.97,67312
M,201511121011,40.97,41,40.97,41,29334
M,201511121012,41,41,40.9,40.9,38013
M,201511121013,40.9,40.91,40.8601,40.89,32767
M,201511121014,40.8899,40.89,40.85,40.8501,20159
M,201511121015,40.86,40.86,40.84,40.84,40042
M,201511121016,40.84,40.99,40.84,40.96,55865
M,201511121017,40.96,40.96,40.91,40.92,33502
M,201511121018,40.92,40.92,40.72,40.72,33088
M,201511121019,40.73,40.82,40.71,40.82,37094
M,201511121020,40.81,40.82,40.72,40.72,127269
M,201511121021,40.71,40.77,40.69,40.72,42428
M,201511121022,40.7222,40.7299,40.53,40.5301,47909
M,201511121023,40.53,40.76,40.5,40.58,96419
M,201511121024,40.58,40.58,40.5,40.57,28975
M,201511121025,40.55,40.62,40.54,40.62,30720
M,201511121026,40.61,40.62,40.54,40.54,113712
M,201511121027,40.54,40.6,40.53,40.59,18694
M,201511121028,40.6,40.6,40.59,40.5936,14941
M,201511121029,40.595,40.6636,40.59,40.63,26931
M,201511121030,40.63,40.72,40.6029,40.72,41406
M,201511121031,40.72,40.72,40.67,40.7,24506
M,201511121032,40.71,40.82,40.71,40.77,28179
M,201511121033,40.78,40.79,40.69,40.6901,14675
M,201511121034,40.72,40.74,40.63,40.67,25055
M,201511121035,40.67,40.73,40.65,40.72,22537
M,201511121036,40.72,40.74,40.66,40.67,19984
M,201511121037,40.66,40.71,40.65,40.71,32977
M,201511121038,40.71,40.79,40.71,40.79,26763
M,201511121039,40.79,40.86,40.79,40.79,24004
M,201511121040,40.79,40.81,40.74,40.75,21683
M,201511121041,40.75,40.75,40.71,40.74,42770
M,201511121042,40.75,40.8,40.74,40.77,34065
M,201511121043,40.77,40.78,40.74,40.77,44200
M,201511121044,40.77,40.8,40.76,40.77,20537
M,201511121045,40.77,40.79,40.77,40.77,10526
M,201511121046,40.77,40.81,40.75,40.76,38829
M,201511121047,40.7552,40.79,40.75,40.79,26263
M,201511121048,40.78,40.79,40.69,40.69,15135
M,201511121049,40.68,40.72,40.68,40.6987,49620
M,201511121050,40.7,40.74,40.7,40.72,17875
M,201511121051,40.71,40.75,40.71,40.75,12564
M,201511121052,40.75,40.76,40.73,40.76,23187
M,201511121053,40.76,40.78,40.7501,40.78,20396
M,201511121054,40.78,40.84,40.7718,40.8165,28322
M,201511121055,40.8164,40.88,40.81,40.88,18981
M,201511121056,40.8765,40.93,40.86,40.88,43076
M,201511121057,40.88,40.92,40.8701,40.9001,25116
M,201511121058,40.9,40.91,40.88,40.89,19999
M,201511121059,40.8853,40.9,40.88,40.89,15728
M,201511121100,40.9,40.95,40.9,40.95,35054
M,201511121101,40.95,40.95,40.9,40.92,25437
M,201511121102,40.92,40.92,40.91,40.915,11328
M,201511121103,40.9156,40.94,40.91,40.94,26049
M,201511121104,40.9301,40.94,40.93,40.94,11360
M,201511121105,40.93,40.97,40.93,40.97,32595
M,201511121106,40.96,40.97,40.9065,40.91,39552
M,201511121107,40.9,40.91,40.8801,40.8859,10633
M,201511121108,40.88,40.89,40.86,40.89,20172
M,201511121109,40.8801,40.89,40.88,40.88,15357
M,201511121110,40.8811,40.8811,40.78,40.8,47525
M,201511121111,40.8001,40.81,40.75,40.77,36203
M,201511121112,40.77,40.78,40.74,40.75,17888
M,201511121113,40.75,40.76,40.71,40.7125,13500
M,201511121114,40.7125,40.76,40.68,40.7501,28340
M,201511121115,40.76,40.775,40.74,40.7721,37422
M,201511121116,40.7705,40.82,40.77,40.82,24724
M,201511121117,40.82,40.85,40.81,40.84,65822
M,201511121118,40.84,40.86,40.8,40.8,25610
M,201511121119,40.81,40.84,40.79,40.79,14650
M,201511121120,40.78,40.81,40.78,40.8,12929
M,201511121121,40.8,40.8,40.79,40.8,4205
M,201511121122,40.79,40.85,40.79,40.83,35469
M,201511121123,40.82,40.87,40.82,40.87,23070
M,201511121124,40.87,40.87,40.82,40.82,18203
M,201511121125,40.81,40.82,40.78,40.81,21519
M,201511121126,40.81,40.87,40.8,40.87,12110
M,201511121127,40.87,40.88,40.8663,40.88,9766
M,201511121128,40.8777,40.88,40.85,40.8501,7916
M,201511121129,40.85,40.95,40.85,40.9401,72657
M,201511121130,40.9434,40.95,40.92,40.93,35190
M,201511121131,40.93,40.93,40.92,40.93,10974
M,201511121132,40.9259,40.97,40.92,40.97,28962
M,201511121133,40.97,40.99,40.95,40.95,23014
M,201511121134,40.9599,40.96,40.95,40.9501,22659
M,201511121135,40.95,40.96,40.95,40.95,22313
M,201511121136,40.96,41,40.9501,41,40182
M,201511121137,41,41,40.97,40.98,30799
M,201511121138,40.99,40.99,40.97,40.98,17338
M,201511121139,40.98,40.99,40.97,40.98,23780
M,201511121140,40.9756,40.98,40.94,40.96,26359
M,201511121141,40.96,41,40.96,40.98,40790
M,201511121142,40.99,41,40.96,40.96,47497
M,201511121143,40.9658,40.97,40.93,40.96,31157
M,201511121144,40.96,40.96,40.93,40.95,36331
M,201511121145,40.94,40.95,40.92,40.93,20386
M,201511121146,40.92,40.92,40.86,40.89,34277
M,201511121147,40.89,40.96,40.89,40.95,43582
M,201511121148,40.95,40.96,40.95,40.95,7145
M,201511121149,40.94,40.95,40.9,40.92,22715
M,201511121150,40.92,40.93,40.91,40.92,21506
M,201511121151,40.9151,40.9172,40.8701,40.8801,11531
M,201511121152,40.89,40.89,40.88,40.89,4094
M,201511121153,40.88,40.89,40.86,40.89,19424
M,201511121154,40.89,40.91,40.89,40.91,7996
M,201511121155,40.9,40.91,40.89,40.9,11340
M,201511121156,40.9,40.91,40.88,40.88,12008
M,201511121157,40.8705,40.8705,40.86,40.87,6036
M,201511121158,40.8601,40.9,40.8601,40.9,6978
M,201511121159,40.9,40.9,40.83,40.84,50014
M,201511121200,40.85,40.88,40.84,40.88,12407
M,201511121201,40.88,40.89,40.86,40.87,19500
M,201511121202,40.86,40.87,40.86,40.87,1550
M,201511121203,40.86,40.89,40.86,40.87,15021
M,201511121204,40.87,40.88,40.86,40.87,16152
M,201511121205,40.87,40.87,40.8401,40.85,30643
M,201511121206,40.84,40.85,40.82,40.85,47905
M,201511121207,40.85,40.85,40.83,40.83,10345
M,201511121208,40.83,40.83,40.74,40.7544,19113
M,201511121209,40.75,40.77,40.745,40.7598,22626
M,201511121210,40.76,40.78,40.7001,40.74,28445
M,201511121211,40.74,40.76,40.73,40.74,12874
M,201511121212,40.73,40.74,40.72,40.73,19424
M,201511121213,40.73,40.73,40.72,40.73,14043
M,201511121214,40.72,40.75,40.72,40.75,17428
M,201511121215,40.75,40.76,40.74,40.75,25268
M,201511121216,40.7499,40.7499,40.6701,40.6701,25108
M,201511121217,40.67,41,40.6601,40.82,406427
M,201511121218,40.82,40.86,40.77,40.83,73262
M,201511121219,40.825,40.83,40.75,40.76,31746
M,201511121220,40.755,40.8,40.75,40.7501,33920
M,201511121221,40.75,40.77,40.73,40.765,32538
M,201511121222,40.76,40.76,40.74,40.76,28349
M,201511121223,40.77,40.77,40.74,40.7401,14200
M,201511121224,40.7401,40.75,40.71,40.72,18677
M,201511121225,40.7149,40.74,40.71,40.7301,9438
M,201511121226,40.74,40.89,40.73,40.88,36386
M,201511121227,40.88,40.88,40.81,40.81,10350
M,201511121228,40.81,40.81,40.8,40.8,11027
M,201511121229,40.8034,40.86,40.8,40.86,37416
M,201511121230,40.86,40.86,40.81,40.82,10445
M,201511121231,40.8251,40.83,40.79,40.7965,8082
M,201511121232,40.79,40.8,40.79,40.8,2566
M,201511121233,40.79,40.8,40.79,40.8,3900
M,201511121234,40.79,40.83,40.79,40.8,20904
M,201511121235,40.8,40.8,40.7601,40.7601,6366
M,201511121236,40.77,40.77,40.75,40.76,6852
M,201511121237,40.75,40.76,40.75,40.75,9732
M,201511121238,40.74,40.79,40.74,40.79,20415
M,201511121239,40.78,40.79,40.76,40.77,12570
M,201511121240,40.77,40.82,40.76,40.82,10127
M,201511121241,40.82,40.83,40.79,40.8,11301
M,201511121242,40.8,40.8,40.78,40.7801,7201
M,201511121243,40.78,40.82,40.78,40.8151,7329
M,201511121244,40.82,40.85,40.8199,40.85,10345
M,201511121245,40.85,40.86,40.83,40.83,14086
M,201511121246,40.83,40.88,40.83,40.87,17120
M,201511121247,40.8768,40.88,40.86,40.87,15024
M,201511121248,40.86,40.9,40.86,40.9,15439
M,201511121249,40.9,40.96,40.89,40.9501,28606
M,201511121250,40.9504,40.98,40.94,40.95,40489
M,201511121251,40.95,40.97,40.92,40.9601,36738
M,201511121252,40.97,40.98,40.945,40.96,17111
M,201511121253,40.96,40.97,40.95,40.96,6389
M,201511121254,40.95,40.96,40.95,40.96,9706
M,201511121255,40.95,40.96,40.91,40.91,17161
M,201511121256,40.91,40.94,40.88,40.94,27373
M,201511121257,40.94,40.95,40.94,40.95,5870
M,201511121258,40.95,40.95,40.93,40.94,11706
M,201511121259,40.94,40.96,40.94,40.9527,18934
M,201511121300,40.96,40.99,40.96,40.98,109750
M,201511121301,40.98,41.01,40.97,40.9805,116207
M,201511121302,40.99,41,40.9899,41,107877
M,201511121303,41,41,40.99,41,15900
M,201511121304,40.9972,41,40.99,41,48070
M,201511121305,41,41.14,41,41.1299,157275
M,201511121306,41.1202,41.21,41.12,41.18,59716
M,201511121307,41.19,41.25,41.19,41.2232,61969
M,201511121308,41.22,41.22,41.07,41.18,51178
M,201511121309,41.1701,41.22,41.17,41.22,29918
M,201511121310,41.22,41.23,41.18,41.18,27828
M,201511121311,41.18,41.25,41.18,41.22,40854
M,201511121312,41.22,41.23,41.22,41.22,17105
M,201511121313,41.22,41.3,41.22,41.2925,31264
M,201511121314,41.29,41.3,41.25,41.2646,32096
M,201511121315,41.27,41.36,41.27,41.3301,42934
M,201511121316,41.3369,41.39,41.33,41.36,40247
M,201511121317,41.36,41.4,41.34,41.37,31548
M,201511121318,41.38,41.47,41.38,41.45,74367
M,201511121319,41.4499,41.4499,41.3425,41.35,24831
M,201511121320,41.34,41.35,41.29,41.32,39266
M,201511121321,41.32,41.36,41.31,41.3201,20179
M,201511121322,41.32,41.32,41.26,41.26,23526
M,201511121323,41.26,41.31,41.26,41.26,50224
M,201511121324,41.27,41.28,41.22,41.27,27098
M,201511121325,41.27,41.31,41.27,41.3,23350
M,201511121326,41.29,41.33,41.28,41.2999,29009
M,201511121327,41.3,41.32,41.29,41.3,24333
M,201511121328,41.3,41.3,41.29,41.3,14400
M,201511121329,41.3,41.3,41.29,41.3,33770
M,201511121330,41.3,41.35,41.24,41.3,109214
M,201511121331,41.29,41.32,41.27,41.32,22248
M,201511121332,41.32,41.33,41.31,41.32,12670
M,201511121333,41.32,41.41,41.32,41.41,67760
M,201511121334,41.41,41.44,41.39,41.44,55550
M,201511121335,41.44,41.49,41.44,41.44,58638
M,201511121336,41.45,41.47,41.4,41.47,56913
M,201511121337,41.4601,41.55,41.46,41.4901,81261
M,201511121338,41.5,41.51,41.47,41.49,41969
M,201511121339,41.5,41.5,41.49,41.5,21443
M,201511121340,41.5,41.54,41.4801,41.52,43816
M,201511121341,41.53,41.58,41.5199,41.58,44352
M,201511121342,41.5799,41.58,41.52,41.54,36112
M,201511121343,41.55,41.57,41.5,41.5,32211
M,201511121344,41.5,41.51,41.41,41.41,67549
M,201511121345,41.42,41.44,41.39,41.42,37341
M,201511121346,41.41,41.41,41.34,41.35,28524
M,201511121347,41.35,41.39,41.34,41.39,20101
M,201511121348,41.385,41.41,41.38,41.4068,11448
M,201511121349,41.41,41.46,41.4,41.45,53327
M,201511121350,41.45,41.45,41.31,41.31,41041
M,201511121351,41.31,41.39,41.31,41.36,28884
M,201511121352,41.35,41.37,41.35,41.36,19089
M,201511121353,41.37,41.38,41.35,41.35,34326
M,201511121354,41.36,41.42,41.36,41.4,33061
M,201511121355,41.39,41.4,41.39,41.4,11400
M,201511121356,41.4,41.4,41.39,41.39,11763
M,201511121357,41.39,41.4,41.37,41.37,13200
M,201511121358,41.38,41.41,41.37,41.39,56548
M,201511121359,41.38,41.39,41.36,41.36,20931
M,201511121400,41.37,41.37,41.32,41.32,9104
M,201511121401,41.32,41.33,41.25,41.26,29240
M,201511121402,41.25,41.3,41.25,41.3,20221
M,201511121403,41.3,41.3,41.25,41.26,12633
M,201511121404,41.25,41.25,41.2,41.23,37240
M,201511121405,41.22,41.22,41.19,41.19,18850
M,201511121406,41.19,41.21,41.13,41.14,41001
M,201511121407,41.13,41.2,41.13,41.18,21484
M,201511121408,41.1816,41.19,41.17,41.19,26120
M,201511121409,41.19,41.28,41.18,41.28,32203
M,201511121410,41.28,41.28,41.24,41.2551,26338
M,201511121411,41.25,41.26,41.25,41.25,19727
M,201511121412,41.25,41.26,41.25,41.26,7130
M,201511121413,41.26,41.26,41.23,41.23,27340
M,201511121414,41.23,41.23,41.19,41.19,10554
M,201511121415,41.2,41.2,41.18,41.19,9552
M,201511121416,41.18,41.2,41.17,41.1899,35397
M,201511121417,41.18,41.19,41.18,41.19,9116
M,201511121418,41.18,41.19,41.18,41.19,7977
M,201511121419,41.18,41.25,41.18,41.2399,39103
M,201511121420,41.23,41.27,41.21,41.21,21573
M,201511121421,41.21,41.22,41.18,41.22,15581
M,201511121422,41.22,41.26,41.22,41.25,9672
M,201511121423,41.25,41.33,41.25,41.32,44484
M,201511121424,41.32,41.35,41.29,41.3,73190
M,201511121425,41.31,41.3451,41.31,41.34,16062
M,201511121426,41.34,41.42,41.32,41.41,39599
M,201511121427,41.41,41.41,41.35,41.35,42655
M,201511121428,41.35,41.3568,41.33,41.34,9125
M,201511121429,41.34,41.34,41.33,41.34,36532
M,201511121430,41.34,41.38,41.33,41.37,54375
M,201511121431,41.3771,41.38,41.33,41.36,34109
M,201511121432,41.36,41.4,41.36,41.3701,18536
M,201511121433,41.3774,41.38,41.34,41.37,10870
M,201511121434,41.38,41.39,41.36,41.36,15500
M,201511121435,41.365,41.4,41.36,41.3925,16780
M,201511121436,41.4,41.4,41.35,41.3725,24100
M,201511121437,41.37,41.39,41.37,41.3825,12348
M,201511121438,41.39,41.39,41.36,41.37,26402
M,201511121439,41.36,41.37,41.35,41.36,12640
M,201511121440,41.35,41.36,41.34,41.34,19884
M,201511121441,41.35,41.35,41.31,41.32,41670
M,201511121442,41.32,41.32,41.28,41.2825,36377
M,201511121443,41.28,41.29,41.23,41.24,43499
M,201511121444,41.24,41.25,41.23,41.23,19326
M,201511121445,41.22,41.22,41.19,41.2,19957
M,201511121446,41.19,41.2,41.18,41.2,22954
M,201511121447,41.2,41.2,41.15,41.16,16286
M,201511121448,41.15,41.2,41.13,41.2,37763
M,201511121449,41.19,41.2,41.1601,41.17,13978
M,201511121450,41.16,41.18,41.14,41.15,41410
M,201511121451,41.14,41.15,41.08,41.09,32203
M,201511121452,41.08,41.09,41.04,41.04,45425
M,201511121453,41.04,41.08,41.03,41.0625,27141
M,201511121454,41.06,41.06,41.05,41.06,15121
M,201511121455,41.06,41.06,41.04,41.04,23561
M,201511121456,41.03,41.03,40.92,40.97,75240
M,201511121457,40.96,41.01,40.96,41.0015,30115
M,201511121458,41.0002,41.07,40.98,41.07,53566
M,201511121459,41.07,41.1,41.06,41.0801,24189
M,201511121500,41.08,41.08,41.07,41.08,11449
M,201511121501,41.08,41.15,41.07,41.1001,40993
M,201511121502,41.1,41.1,41.08,41.0899,9661
M,201511121503,41.09,41.1,41.08,41.1,31003
M,201511121504,41.11,41.15,41.09,41.14,45399
M,201511121505,41.15,41.18,41.13,41.16,35847
M,201511121506,41.16,41.16,41.1235,41.13,13603
M,201511121507,41.13,41.16,41.12,41.1299,18597
M,201511121508,41.12,41.13,41.0801,41.09,31712
M,201511121509,41.09,41.09,41.08,41.09,5595
M,201511121510,41.09,41.09,41.06,41.07,25550
M,201511121511,41.07,41.07,41.04,41.04,14603
M,201511121512,41.05,41.05,41.02,41.03,11132
M,201511121513,41.03,41.03,41.02,41.02,10647
M,201511121514,41.02,41.03,41.02,41.03,45786
M,201511121515,41.02,41.03,41.01,41.02,25141
M,201511121516,41.0168,41.07,41.01,41.02,136761
M,201511121517,41.02,41.06,41.01,41.04,80682
M,201511121518,41.03,41.05,41.01,41.04,71043
M,201511121519,41.04,41.04,41.02,41.03,9601
M,201511121520,41.03,41.07,41.02,41.05,53071
M,201511121521,41.05,41.05,41.04,41.05,19553
M,201511121522,41.04,41.05,41.04,41.05,17805
M,201511121523,41.04,41.05,41.04,41.05,17661
M,201511121524,41.05,41.1,41.04,41.09,88334
M,201511121525,41.08,41.09,41.08,41.09,9993
M,201511121526,41.08,41.09,41.08,41.09,11152
M,201511121527,41.09,41.15,41.09,41.1111,72787
M,201511121528,41.12,41.12,41.05,41.06,32981
M,201511121529,41.05,41.08,41.05,41.06,17570
M,201511121530,41.0521,41.09,41.05,41.08,36465
M,201511121531,41.09,41.09,41.07,41.08,18878
M,201511121532,41.07,41.11,41.07,41.11,41645
M,201511121533,41.11,41.11,41.09,41.1,21240
M,201511121534,41.1,41.13,41.09,41.09,55555
M,201511121535,41.09,41.1,41.06,41.07,50855
M,201511121536,41.06,41.07,41.04,41.0465,73186
M,201511121537,41.05,41.05,41.03,41.03,16877
M,201511121538,41.04,41.04,41.03,41.04,17251
M,201511121539,41.04,41.04,40.95,40.99,78245
M,201511121540,40.99,40.99,40.96,40.97,33895
M,201511121541,40.97,40.97,40.89,40.89,73289
M,201511121542,40.89,40.9,40.83,40.83,41987
M,201511121543,40.83,40.85,40.81,40.85,105601
M,201511121544,40.85,40.85,40.8,40.8,46969
M,201511121545,40.8,40.93,40.79,40.93,106067
M,201511121546,40.93,40.93,40.89,40.9,41726
M,201511121547,40.9,40.97,40.89,40.97,44682
M,201511121548,40.97,40.98,40.91,40.91,56538
M,201511121549,40.92,40.92,40.91,40.9101,18257
M,201511121550,40.92,40.92,40.84,40.84,64437
M,201511121551,40.83,40.84,40.83,40.84,29373
M,201511121552,40.84,40.88,40.83,40.84,106753
M,201511121553,40.83,40.84,40.82,40.83,31251
M,201511121554,40.83,40.84,40.8,40.84,124467
M,201511121555,40.84,40.86,40.8301,40.86,43958
M,201511121556,40.86,40.86,40.85,40.86,29438
M,201511121557,40.86,40.86,40.85,40.86,49559
M,201511121558,40.86,40.86,40.81,40.81,109989
M,201511121559,40.815,40.84,40.81,40.83,113195
M,201511121600,40.82,40.82,40.82,40.82,156065
M,201511121603,41.34,41.34,40.83,40.83,30500
M,201511121605,40.73,40.73,40.57,40.7,600
M,201511121606,40.83,40.83,40.83,40.83,232
M,201511121607,40.67,40.68,40.57,40.57,810
M,201511121608,40.61,40.61,40.57,40.57,3200
M,201511121609,40.6,40.6,40.58,40.58,1700
M,201511121611,40.51,40.54,40.11,40.11,14545
M,201511121612,40.49,40.49,40.49,40.49,1500
M,201511121613,40.27,40.27,40.27,40.27,100
M,201511121615,40.48,40.48,40.47,40.48,2900
M,201511121616,40.36,40.36,40.11,40.11,2700
M,201511121617,40.25,40.25,40.25,40.25,460
M,201511121618,40.36,40.36,40.25,40.25,800
M,201511121620,40.18,40.18,40.18,40.18,500
M,201511121621,40.25,40.25,40.25,40.25,600
M,201511121622,40.25,40.25,40.25,40.25,100
M,201511121623,40.82,40.82,40.25,40.25,6237
M,201511121624,40.25,40.25,40.15,40.15,2150
M,201511121625,40.15,40.15,40.15,40.15,1000
M,201511121626,40.15,40.15,40.15,40.15,600
M,201511121627,40.15,40.15,40.12,40.12,1360
M,201511121628,40.15,40.15,40.15,40.15,368
M,201511121630,40.15,40.15,40.15,40.15,1900
M,201511121631,40.15,40.15,40.15,40.15,100
M,201511121633,40.15,40.15,40.15,40.15,500
M,201511121634,40.12,40.12,40.12,40.12,1200
M,201511121639,40.15,40.15,40.15,40.15,1000
M,201511121640,40.15,40.15,40.15,40.15,1100
M,201511121641,40.15,40.15,40.15,40.15,400
M,201511121642,40.15,40.15,40.11,40.11,600
M,201511121647,40.15,40.15,40.15,40.15,100
M,201511121648,40.15,40.15,40.15,40.15,100
M,201511121649,40.15,40.15,40.15,40.15,500
