<ticker>,<date>,<open>,<high>,<low>,<close>,<vol>
M,201512040903,38.77,38.77,38.77,38.77,2000
M,201512040904,38.76,38.76,38.56,38.56,850
M,201512040906,38.6499,38.65,38.6499,38.65,200
M,201512040925,38.47,38.47,38.47,38.47,260
M,201512040926,38.42,38.42,38.42,38.42,500
M,201512040929,38.55,38.56,38.4,38.4,950
M,201512040930,38.49,38.6,38.411,38.51,89662
M,201512040931,38.54,38.84,38.5,38.5877,17513
M,201512040932,38.63,38.64,38.5,38.51,41380
M,201512040933,38.51,38.52,38.36,38.5093,38356
M,201512040934,38.48,38.75,38.48,38.75,9593
M,201512040935,38.75,38.75,38.48,38.51,39245
M,201512040936,38.49,38.5402,38.48,38.5,26171
M,201512040937,38.52,38.72,38.52,38.66,34599
M,201512040938,38.67,38.67,38.6,38.64,36905
M,201512040939,38.64,38.71,38.56,38.62,92118
M,201512040940,38.62,38.67,38.52,38.64,30009
M,201512040941,38.63,38.73,38.61,38.69,25667
M,201512040942,38.69,38.84,38.69,38.82,20942
M,201512040943,38.8,38.8,38.71,38.76,19929
M,201512040944,38.74,38.87,38.73,38.87,39449
M,201512040945,38.88,38.9,38.79,38.9,65788
M,201512040946,38.89,38.96,38.88,38.95,19522
M,201512040947,38.95,39.07,38.94,38.98,46394
M,201512040948,38.98,39,38.95,38.9601,14288
M,201512040949,38.9768,39.0402,38.97,38.98,21327
M,201512040950,38.9898,39,38.95,38.98,14625
M,201512040951,38.98,39,38.96,38.97,27045
M,201512040952,38.98,38.99,38.87,38.8733,32655
M,201512040953,38.87,38.88,38.78,38.7935,36002
M,201512040954,38.78,38.82,38.72,38.74,10380
M,201512040955,38.74,38.85,38.72,38.84,17361
M,201512040956,38.84,38.86,38.79,38.79,29417
M,201512040957,38.79,38.87,38.75,38.83,54127
M,201512040958,38.83,38.83,38.65,38.66,89054
M,201512040959,38.65,38.67,38.57,38.6,19946
M,201512041000,38.6,38.67,38.6,38.64,15283
M,201512041001,38.62,38.65,38.56,38.56,11010
M,201512041002,38.58,38.64,38.58,38.64,7858
M,201512041003,38.6395,38.7,38.6395,38.6749,14087
M,201512041004,38.6601,38.68,38.59,38.59,11812
M,201512041005,38.57,38.64,38.52,38.62,15318
M,201512041006,38.62,38.62,38.55,38.56,17405
M,201512041007,38.56,38.57,38.52,38.53,16785
M,201512041008,38.53,38.55,38.48,38.49,19123
M,201512041009,38.4897,38.53,38.48,38.5,17939
M,201512041010,38.48,38.56,38.47,38.5,24983
M,201512041011,38.51,38.56,38.5,38.52,16249
M,201512041012,38.53,38.55,38.4999,38.4999,13979
M,201512041013,38.5,38.55,38.5,38.55,18390
M,201512041014,38.55,38.57,38.5,38.51,19614
M,201512041015,38.5065,38.5065,38.39,38.42,21616
M,201512041016,38.43,38.48,38.33,38.36,32768
M,201512041017,38.36,38.38,38.33,38.37,11539
M,201512041018,38.39,38.42,38.38,38.41,10363
M,201512041019,38.42,38.5,38.42,38.49,11148
M,201512041020,38.49,38.51,38.45,38.51,15506
M,201512041021,38.51,38.56,38.49,38.5001,29723
M,201512041022,38.51,38.51,38.45,38.46,9740
M,201512041023,38.46,38.46,38.41,38.41,15313
M,201512041024,38.4199,38.47,38.41,38.47,15220
M,201512041025,38.46,38.55,38.46,38.54,17723
M,201512041026,38.53,38.57,38.53,38.56,15087
M,201512041027,38.56,38.57,38.53,38.53,4750
M,201512041028,38.54,38.58,38.52,38.57,11271
M,201512041029,38.56,38.59,38.52,38.5651,24784
M,201512041030,38.57,38.57,38.47,38.5,24888
M,201512041031,38.5,38.55,38.46,38.51,27657
M,201512041032,38.53,38.55,38.5,38.53,18329
M,201512041033,38.53,38.56,38.51,38.53,10173
M,201512041034,38.54,38.55,38.54,38.55,7950
M,201512041035,38.56,38.67,38.56,38.62,21705
M,201512041036,38.62,38.68,38.61,38.68,10367
M,201512041037,38.68,38.7,38.68,38.7,14281
M,201512041038,38.7,38.7,38.67,38.69,11976
M,201512041039,38.69,38.7,38.69,38.7,9781
M,201512041040,38.71,38.71,38.68,38.7,7310
M,201512041041,38.7,38.73,38.7,38.71,7485
M,201512041042,38.7,38.7,38.61,38.62,12700
M,201512041043,38.61,38.65,38.61,38.65,12378
M,201512041044,38.65,38.7,38.64,38.68,8375
M,201512041045,38.68,38.72,38.66,38.7,7644
M,201512041046,38.69,38.71,38.67,38.67,7097
M,201512041047,38.68,38.72,38.65,38.66,7688
M,201512041048,38.67,38.7,38.66,38.7,4804
M,201512041049,38.71,38.71,38.67,38.69,9628
M,201512041050,38.68,38.68,38.64,38.68,10470
M,201512041051,38.7,38.7,38.67,38.7,10683
M,201512041052,38.7,38.7,38.65,38.65,13561
M,201512041053,38.65,38.66,38.61,38.66,11575
M,201512041054,38.67,38.67,38.64,38.64,7554
M,201512041055,38.65,38.6825,38.65,38.68,5569
M,201512041056,38.69,38.72,38.67,38.71,27456
M,201512041057,38.71,38.72,38.66,38.69,29506
M,201512041058,38.69,38.73,38.69,38.71,39619
M,201512041059,38.72,38.81,38.71,38.81,56927
M,201512041100,38.81,38.85,38.81,38.85,17358
M,201512041101,38.85,38.87,38.84,38.86,11474
M,201512041102,38.86,38.89,38.85,38.86,18902
M,201512041103,38.87,38.89,38.85,38.87,48007
M,201512041104,38.87,38.9,38.87,38.88,14826
M,201512041105,38.88,38.89,38.86,38.88,27770
M,201512041106,38.87,38.89,38.8433,38.88,14758
M,201512041107,38.88,38.89,38.86,38.89,11150
M,201512041108,38.88,38.89,38.8622,38.88,11432
M,201512041109,38.89,38.94,38.88,38.94,29181
M,201512041110,38.93,38.96,38.91,38.96,12266
M,201512041111,38.95,38.99,38.9435,38.98,18054
M,201512041112,38.98,39,38.97,38.97,15603
M,201512041113,38.97,39,38.96,38.97,27857
M,201512041114,38.96,39,38.96,39,9130
M,201512041115,38.99,39,38.97,39,21590
M,201512041116,38.99,39.04,38.99,39.04,9134
M,201512041117,39.03,39.04,38.98,39,13674
M,201512041118,39,39,38.96,39,15800
M,201512041119,38.99,39.02,38.99,39.01,17685
M,201512041120,39.02,39.04,38.9844,38.995,14955
M,201512041121,38.99,39.02,38.98,39.01,9450
M,201512041122,39.02,39.07,39.02,39.07,11902
M,201512041123,39.06,39.11,39.06,39.11,14307
M,201512041124,39.11,39.13,39.1,39.11,17486
M,201512041125,39.11,39.11,39.08,39.1,9350
M,201512041126,39.11,39.12,39.08,39.08,11876
M,201512041127,39.07,39.08,39.04,39.04,9100
M,201512041128,39.04,39.04,38.99,39.01,15684
M,201512041129,39,39.01,38.94,38.94,11110
M,201512041130,38.95,38.99,38.95,38.98,13171
M,201512041131,38.98,39.02,38.98,39.02,8238
M,201512041132,39.03,39.05,39.03,39.05,7605
M,201512041133,39.05,39.09,39.0413,39.07,13487
M,201512041134,39.07,39.1,39.06,39.1,6320
M,201512041135,39.1,39.11,39.0775,39.0775,8441
M,201512041136,39.08,39.14,39.08,39.14,7470
M,201512041137,39.13,39.1301,39.04,39.05,50865
M,201512041138,39.05,39.07,39.02,39.05,44568
M,201512041139,39.05,39.07,39.04,39.05,33158
M,201512041140,39.05,39.06,39,39.02,26217
M,201512041141,39.02,39.04,39.01,39.04,12964
M,201512041142,39.0469,39.06,39.02,39.02,9623
M,201512041143,39.03,39.05,39,39.0315,19300
M,201512041144,39.0301,39.05,39.03,39.03,15468
M,201512041145,39.04,39.04,39.03,39.03,64503
M,201512041146,39.03,39.04,39.01,39.01,19936
M,201512041147,39.01,39.01,38.91,38.9366,28020
M,201512041148,38.93,38.93,38.89,38.91,6440
M,201512041149,38.9,38.91,38.89,38.91,26419
M,201512041150,38.91,38.95,38.91,38.94,8535
M,201512041151,38.9416,38.96,38.93,38.93,10164
M,201512041152,38.92,38.96,38.92,38.94,8907
M,201512041153,38.93,38.95,38.92,38.95,8000
M,201512041154,38.95,38.98,38.94,38.95,109996
M,201512041155,38.94,38.94,38.9,38.94,16110
M,201512041156,38.94,38.98,38.94,38.97,9660
M,201512041157,38.96,38.96,38.93,38.94,6424
M,201512041158,38.94,38.95,38.93,38.94,14653
M,201512041159,38.9375,38.96,38.92,38.95,10116
M,201512041200,38.96,38.96,38.94,38.9451,14459
M,201512041201,38.94,39,38.94,38.99,27152
M,201512041202,38.99,38.99,38.96,38.9799,7710
M,201512041203,38.98,39,38.97,38.99,6885
M,201512041204,38.99,38.99,38.96,38.98,10403
M,201512041205,38.98,39.01,38.97,39.01,45522
M,201512041206,39.01,39.01,38.98,38.99,41438
M,201512041207,38.99,39.01,38.98,38.98,12675
M,201512041208,38.9799,38.99,38.97,38.97,21348
M,201512041209,38.97,39,38.96,38.9999,16745
M,201512041210,39,39.01,38.99,39,19600
M,201512041211,39,39,38.98,38.99,9400
M,201512041212,38.98,39,38.98,39,6550
M,201512041213,38.9955,39.01,38.99,39.01,12787
M,201512041214,39.01,39.02,38.99,38.99,22668
M,201512041215,38.98,38.98,38.92,38.93,12973
M,201512041216,38.93,38.93,38.89,38.9,16316
M,201512041217,38.89,38.95,38.88,38.93,14828
M,201512041218,38.95,38.95,38.9,38.9,6103
M,201512041219,38.89,38.93,38.88,38.92,15880
M,201512041220,38.92,38.96,38.92,38.96,11415
M,201512041221,38.96,39,38.96,38.98,4525
M,201512041222,38.97,38.97,38.96,38.9689,11578
M,201512041223,38.97,38.98,38.94,38.97,11236
M,201512041224,38.96,38.99,38.96,38.99,5450
M,201512041225,39,39.01,38.99,39,8500
M,201512041226,38.99,39.01,38.99,39.01,8950
M,201512041227,39.01,39.01,38.97,38.97,12161
M,201512041228,38.96,38.96,38.89,38.89,12306
M,201512041229,38.88,38.93,38.87,38.93,7456
M,201512041230,38.93,38.96,38.91,38.96,12500
M,201512041231,38.96,38.97,38.94,38.94,8948
M,201512041232,38.93,38.9663,38.93,38.9663,4200
M,201512041233,38.96,38.98,38.91,38.96,18054
M,201512041234,38.97,39.02,38.97,39.02,66016
M,201512041235,39.03,39.06,39.01,39.04,22080
M,201512041236,39.03,39.0525,39.02,39.05,10400
M,201512041237,39.04,39.06,39.03,39.03,7605
M,201512041238,39.03,39.04,39.01,39.02,4797
M,201512041239,39.03,39.06,39.02,39.02,11896
M,201512041240,39.02,39.05,39.02,39.0301,7185
M,201512041241,39.03,39.06,39.03,39.05,6818
M,201512041242,39.05,39.06,39.03,39.04,18047
M,201512041243,39.04,39.04,39,39,5561
M,201512041244,39.01,39.02,38.99,39.0102,5899
M,201512041245,39.02,39.03,39,39,12255
M,201512041246,39,39.01,38.99,39,8077
M,201512041247,39,39.01,38.99,39,3711
M,201512041248,39,39.01,38.98,39.01,8389
M,201512041249,39.01,39.02,38.99,39.01,14753
M,201512041250,39.01,39.02,38.9935,39.02,10976
M,201512041251,39.01,39.03,38.9963,39,26651
M,201512041252,39,39.06,39,39.04,12010
M,201512041253,39.05,39.05,39.01,39.01,24431
M,201512041254,39,39,38.98,38.98,19313
M,201512041255,38.98,39.04,38.98,39.04,14920
M,201512041256,39.04,39.08,39.03,39.06,19132
M,201512041257,39.06,39.12,39.06,39.1,27418
M,201512041258,39.08,39.12,39.08,39.11,36270
M,201512041259,39.12,39.14,39.11,39.12,31930
M,201512041300,39.13,39.1401,39.12,39.1399,13362
M,201512041301,39.1375,39.16,39.12,39.13,37810
M,201512041302,39.12,39.13,39.12,39.12,3469
M,201512041303,39.12,39.13,39.09,39.09,10529
M,201512041304,39.1,39.11,39.09,39.1,8796
M,201512041305,39.1,39.1,39.07,39.09,12511
M,201512041306,39.09,39.1,39.08,39.08,6040
M,201512041307,39.08,39.13,39.07,39.12,15470
M,201512041308,39.12,39.12,39.11,39.1138,3400
M,201512041309,39.12,39.17,39.12,39.17,21298
M,201512041310,39.17,39.2,39.12,39.165,23818
M,201512041311,39.16,39.16,39.12,39.14,7546
M,201512041312,39.14,39.15,39.08,39.09,16322
M,201512041313,39.09,39.1,39.07,39.09,6731
M,201512041314,39.0865,39.11,39.0865,39.11,2615
M,201512041315,39.1051,39.11,39.08,39.11,7289
M,201512041316,39.1,39.11,39.05,39.05,9042
M,201512041317,39.06,39.08,39.06,39.08,6677
M,201512041318,39.09,39.11,39.08,39.09,8755
M,201512041319,39.09,39.12,39.08,39.09,6400
M,201512041320,39.08,39.1,39.07,39.09,7667
M,201512041321,39.09,39.1151,39.09,39.0935,5418
M,201512041322,39.09,39.0935,39.08,39.08,6850
M,201512041323,39.07,39.07,39.03,39.04,11727
M,201512041324,39.04,39.05,39.01,39.02,7133
M,201512041325,39.02,39.04,39.02,39.04,5651
M,201512041326,39.04,39.06,39.04,39.06,2850
M,201512041327,39.06,39.06,39.035,39.04,4200
M,201512041328,39.05,39.07,39.05,39.07,6628
M,201512041329,39.07,39.07,39.0401,39.06,7978
M,201512041330,39.07,39.08,39.0599,39.07,8580
M,201512041331,39.07,39.09,39.07,39.07,5346
M,201512041332,39.08,39.08,39.05,39.06,5100
M,201512041333,39.06,39.07,39.04,39.05,9482
M,201512041334,39.04,39.0599,39.02,39.02,13154
M,201512041335,39.01,39.02,38.99,38.99,11550
M,201512041336,38.99,39.02,38.98,39.0185,7271
M,201512041337,39.02,39.06,39.0185,39.04,10000
M,201512041338,39.04,39.0485,39,39.01,10477
M,201512041339,39.01,39.04,39.01,39.04,6943
M,201512041340,39.03,39.03,38.98,38.98,17979
M,201512041341,38.98,38.99,38.94,38.96,10183
M,201512041342,38.9549,38.9549,38.91,38.92,7046
M,201512041343,38.92,39,38.92,39,11380
M,201512041344,38.99,39.04,38.99,39.02,21647
M,201512041345,39.02,39.03,39.01,39.02,8720
M,201512041346,39.02,39.03,39,39.02,5175
M,201512041347,39.03,39.03,38.96,38.98,13624
M,201512041348,38.98,39.03,38.97,39.0201,8939
M,201512041349,39.02,39.02,38.9799,38.99,12363
M,201512041350,39,39.04,39,39.0067,5580
M,201512041351,39.01,39.04,39.01,39.02,11090
M,201512041352,39.03,39.07,39.02,39.06,13944
M,201512041353,39.06,39.06,39.03,39.05,8920
M,201512041354,39.06,39.07,39.0532,39.0532,4083
M,201512041355,39.06,39.06,39.02,39.02,7585
M,201512041356,39.03,39.03,39,39.0001,9535
M,201512041357,39.01,39.09,39.01,39.09,17490
M,201512041358,39.0933,39.13,39.08,39.1,32661
M,201512041359,39.1,39.12,39.1,39.12,7040
M,201512041400,39.13,39.13,39.08,39.08,15108
M,201512041401,39.09,39.09,39.06,39.06,7295
M,201512041402,39.07,39.08,39.04,39.05,11515
M,201512041403,39.0536,39.11,39.05,39.11,8469
M,201512041404,39.11,39.11,39.07,39.07,8363
M,201512041405,39.07,39.09,39.07,39.08,7115
M,201512041406,39.09,39.09,39.06,39.09,9810
M,201512041407,39.09,39.11,39.08,39.08,12310
M,201512041408,39.09,39.14,39.08,39.14,12519
M,201512041409,39.14,39.14,39.12,39.13,9841
M,201512041410,39.13,39.15,39.12,39.1489,22856
M,201512041411,39.14,39.15,39.12,39.14,12115
M,201512041412,39.14,39.15,39.14,39.14,6398
M,201512041413,39.14,39.15,39.12,39.1202,6093
M,201512041414,39.13,39.15,39.12,39.13,19232
M,201512041415,39.12,39.13,39.11,39.1262,7230
M,201512041416,39.1261,39.13,39.1,39.1,7681
M,201512041417,39.11,39.13,39.1,39.11,11699
M,201512041418,39.11,39.12,39.08,39.08,10152
M,201512041419,39.09,39.09,39.02,39.03,10833
M,201512041420,39.03,39.0665,39.03,39.0665,18930
M,201512041421,39.05,39.08,39.05,39.06,7941
M,201512041422,39.0551,39.1,39.05,39.1,15924
M,201512041423,39.09,39.09,39.08,39.09,9346
M,201512041424,39.1,39.1,39.08,39.09,8131
M,201512041425,39.08,39.09,39.075,39.09,9392
M,201512041426,39.09,39.12,39.09,39.12,6550
M,201512041427,39.12,39.14,39.12,39.13,11917
M,201512041428,39.13,39.14,39.12,39.13,8392
M,201512041429,39.13,39.15,39.13,39.15,13523
M,201512041430,39.15,39.15,39.1,39.1,19576
M,201512041431,39.11,39.11,39.05,39.05,32061
M,201512041432,39.05,39.06,39.01,39.01,10251
M,201512041433,39.01,39.06,39,39.05,43933
M,201512041434,39.05,39.07,39.0349,39.07,12661
M,201512041435,39.07,39.08,39.04,39.07,11600
M,201512041436,39.08,39.11,39.07,39.1,18003
M,201512041437,39.1,39.11,39.07,39.07,10229
M,201512041438,39.09,39.09,39.065,39.07,7652
M,201512041439,39.065,39.08,39.05,39.05,10277
M,201512041440,39.04,39.07,39.04,39.07,7465
M,201512041441,39.06,39.09,39.06,39.09,13607
M,201512041442,39.1,39.1,39.07,39.09,28796
M,201512041443,39.09,39.11,39.09,39.1,15612
M,201512041444,39.1,39.1401,39.1,39.14,15855
M,201512041445,39.14,39.16,39.14,39.16,23372
M,201512041446,39.16,39.16,39.11,39.11,12755
M,201512041447,39.12,39.16,39.11,39.15,10996
M,201512041448,39.1538,39.18,39.15,39.16,14084
M,201512041449,39.17,39.21,39.17,39.18,26258
M,201512041450,39.19,39.19,39.17,39.18,7418
M,201512041451,39.18,39.19,39.17,39.18,11088
M,201512041452,39.18,39.19,39.16,39.18,12881
M,201512041453,39.18,39.2,39.18,39.1982,10878
M,201512041454,39.2,39.2,39.19,39.2,9489
M,201512041455,39.1945,39.23,39.19,39.23,31135
M,201512041456,39.23,39.24,39.23,39.23,5498
M,201512041457,39.24,39.26,39.24,39.26,36136
M,201512041458,39.26,39.33,39.25,39.29,48635
M,201512041459,39.28,39.32,39.27,39.31,27269
M,201512041500,39.31,39.32,39.26,39.29,26091
M,201512041501,39.29,39.3,39.26,39.28,29086
M,201512041502,39.28,39.33,39.28,39.33,40356
M,201512041503,39.33,39.33,39.26,39.26,34547
M,201512041504,39.26,39.31,39.26,39.3,21886
M,201512041505,39.29,39.32,39.29,39.3139,36090
M,201512041506,39.32,39.36,39.3,39.36,27489
M,201512041507,39.36,39.37,39.33,39.34,25931
M,201512041508,39.35,39.41,39.35,39.4007,34513
M,201512041509,39.41,39.48,39.4001,39.47,38367
M,201512041510,39.47,39.47,39.44,39.45,28901
M,201512041511,39.45,39.48,39.43,39.46,24696
M,201512041512,39.46,39.48,39.44,39.45,35456
M,201512041513,39.44,39.49,39.43,39.48,24825
M,201512041514,39.48,39.49,39.47,39.48,31707
M,201512041515,39.48,39.49,39.47,39.49,29848
M,201512041516,39.49,39.5,39.46,39.47,29068
M,201512041517,39.47,39.49,39.44,39.49,33196
M,201512041518,39.48,39.49,39.46,39.49,34901
M,201512041519,39.49,39.53,39.49,39.52,53818
M,201512041520,39.51,39.51,39.48,39.5,39205
M,201512041521,39.5,39.52,39.49,39.52,33399
M,201512041522,39.52,39.53,39.5,39.51,36402
M,201512041523,39.5,39.57,39.5,39.5685,36274
M,201512041524,39.57,39.57,39.52,39.53,32722
M,201512041525,39.53,39.55,39.49,39.54,41310
M,201512041526,39.54,39.58,39.54,39.58,39468
M,201512041527,39.59,39.65,39.59,39.6,49111
M,201512041528,39.6,39.66,39.6,39.66,37801
M,201512041529,39.66,39.68,39.64,39.65,47570
M,201512041530,39.65,39.65,39.53,39.53,22657
M,201512041531,39.52,39.56,39.51,39.52,38322
M,201512041532,39.51,39.53,39.44,39.45,27818
M,201512041533,39.46,39.46,39.41,39.43,15829
M,201512041534,39.43,39.44,39.4,39.43,29935
M,201512041535,39.435,39.44,39.4,39.4,19240
M,201512041536,39.39,39.42,39.39,39.42,10255
M,201512041537,39.41,39.42,39.37,39.38,30368
M,201512041538,39.38,39.41,39.38,39.4065,20411
M,201512041539,39.41,39.42,39.4,39.4,19238
M,201512041540,39.41,39.42,39.39,39.41,36511
M,201512041541,39.41,39.42,39.36,39.4,41658
M,201512041542,39.4,39.41,39.38,39.4062,28271
M,201512041543,39.41,39.42,39.38,39.42,36631
M,201512041544,39.42,39.47,39.41,39.46,47502
M,201512041545,39.45,39.45,39.37,39.38,47696
M,201512041546,39.38,39.39,39.37,39.38,27912
M,201512041547,39.38,39.39,39.36,39.36,37761
M,201512041548,39.37,39.37,39.34,39.34,24263
M,201512041549,39.35,39.38,39.34,39.37,43313
M,201512041550,39.38,39.4,39.36,39.36,59757
M,201512041551,39.37,39.4,39.37,39.39,26744
M,201512041552,39.39,39.41,39.36,39.36,33166
M,201512041553,39.37,39.37,39.35,39.3638,26814
M,201512041554,39.37,39.37,39.33,39.34,66604
M,201512041555,39.34,39.34,39.3,39.3,45781
M,201512041556,39.31,39.32,39.28,39.29,58840
M,201512041557,39.29,39.3,39.28,39.3,54117
M,201512041558,39.3,39.34,39.29,39.31,95705
M,201512041559,39.31,39.34,39.305,39.33,142732
M,201512041600,39.32,39.32,39.32,39.32,434066
M,201512041608,39.0773,39.0773,39.0773,39.0773,300
