<ticker>,<date>,<open>,<high>,<low>,<close>,<vol>
TRP,201701240902,49.26,49.26,49.26,49.26,100
TRP,201701240907,48.96,48.96,48.96,48.96,100
TRP,201701240921,48.16,48.16,48.16,48.16,500
TRP,201701240922,47.9,48,47.85,48,600
TRP,201701240923,47.88,47.9,47.88,47.9,2308
TRP,201701240924,47.9,47.91,47.9,47.9,764
TRP,201701240925,47.88,48.04,47.88,47.9,3386
TRP,201701240926,47.87,47.92,47.87,47.92,900
TRP,201701240927,47.89,47.89,47.89,47.89,100
TRP,201701240928,47.89,47.89,47.88,47.88,500
TRP,201701240930,47.84,47.84,47.5,47.54,11505
TRP,201701240931,47.49,47.63,47.49,47.58,6600
TRP,201701240932,47.6,47.6,47.6,47.6,1000
TRP,201701240933,47.56,47.57,47.51,47.53,7300
TRP,201701240934,47.53,47.68,47.49,47.53,52632
TRP,201701240935,47.55,47.69,47.55,47.69,2050
TRP,201701240936,47.69,47.77,47.64,47.74,11600
TRP,201701240937,47.72,47.74,47.68,47.69,4010
TRP,201701240938,47.73,47.73,47.67,47.7,15700
TRP,201701240939,47.7,47.71,47.69,47.7,6249
TRP,201701240940,47.7,47.73,47.69,47.71,4900
TRP,201701240941,47.7,47.72,47.67,47.72,6900
TRP,201701240942,47.72,47.73,47.62,47.64,6609
TRP,201701240943,47.62,47.62,47.58,47.61,8625
TRP,201701240944,47.63,47.74,47.63,47.72,11740
TRP,201701240945,47.71,47.73,47.7,47.73,4400
TRP,201701240946,47.73,47.76,47.73,47.74,3675
TRP,201701240947,47.72,47.8,47.71,47.79,3190
TRP,201701240948,47.79,47.79,47.76,47.76,3800
TRP,201701240949,47.76,47.77,47.7,47.71,4971
TRP,201701240950,47.7,47.74,47.7,47.74,3140
TRP,201701240951,47.74,47.75,47.72,47.74,1893
TRP,201701240952,47.71,47.76,47.7,47.75,7283
TRP,201701240953,47.75,47.75,47.71,47.72,4226
TRP,201701240954,47.73,47.74,47.72,47.72,1874
TRP,201701240955,47.72,47.78,47.72,47.74,17640
TRP,201701240956,47.74,47.75,47.73,47.75,1699
TRP,201701240957,47.75,47.82,47.75,47.82,3500
TRP,201701240958,47.84,47.84,47.79,47.79,2105
TRP,201701240959,47.78,47.79,47.74,47.77,3300
TRP,201701241000,47.8,47.8,47.79,47.8,1100
TRP,201701241001,47.81,47.86,47.8,47.86,3577
TRP,201701241002,47.83,47.89,47.81,47.89,5740
TRP,201701241003,47.89,47.96,47.89,47.96,11336
TRP,201701241004,47.95,47.99,47.95,47.98,3832
TRP,201701241005,47.98,48.03,47.96,48.02,14468
TRP,201701241006,48.02,48.1,48.01,48.07,15473
TRP,201701241007,48.07,48.07,47.98,47.98,5924
TRP,201701241008,47.99,48.03,47.97,47.99,9577
TRP,201701241009,47.99,48.06,47.1,48.04,5097
TRP,201701241010,48.06,48.14,48.06,48.14,12228
TRP,201701241011,48.13,48.13,48.08,48.1,2900
TRP,201701241012,48.1,48.13,48.1,48.13,3285
TRP,201701241013,48.13,48.23,48.13,48.19,10563
TRP,201701241014,48.19,48.25,48.19,48.21,7700
TRP,201701241015,48.23,48.36,48.23,48.36,12900
TRP,201701241016,48.37,48.43,48.32,48.37,11000
TRP,201701241017,48.39,48.39,48.25,48.33,10963
TRP,201701241018,48.31,48.35,48.31,48.34,1500
TRP,201701241019,48.34,48.38,48.31,48.38,2300
TRP,201701241020,48.38,48.39,48.35,48.35,3848
TRP,201701241021,48.36,48.38,48.31,48.35,8032
TRP,201701241022,48.33,48.34,48.29,48.33,1940
TRP,201701241023,48.34,48.34,48.28,48.29,5803
TRP,201701241024,48.3,48.34,48.2,48.24,6834
TRP,201701241025,48.26,48.29,48.26,48.27,3404
TRP,201701241026,48.28,48.28,48.26,48.28,5795
TRP,201701241027,48.27,48.29,48.27,48.28,4410
TRP,201701241028,48.26,48.29,48.23,48.29,4325
TRP,201701241029,48.3,48.35,48.3,48.34,3420
TRP,201701241030,48.34,48.35,48.31,48.34,5300
TRP,201701241031,48.35,48.37,48.34,48.37,30969
TRP,201701241032,48.37,48.38,48.35,48.38,4125
TRP,201701241033,48.38,48.4,48.37,48.37,12804
TRP,201701241034,48.37,48.39,48.36,48.38,7808
TRP,201701241035,48.37,48.37,48.33,48.33,6662
TRP,201701241036,48.33,48.35,48.3,48.31,20029
TRP,201701241037,48.31,48.33,48.3,48.3,7331
TRP,201701241038,48.31,48.34,48.31,48.33,8050
TRP,201701241039,48.32,48.33,48.32,48.32,2006
TRP,201701241040,48.31,48.31,48.3,48.3,4285
TRP,201701241041,48.31,48.31,48.29,48.3,4000
TRP,201701241042,48.3,48.32,48.3,48.31,5500
TRP,201701241043,48.31,48.35,48.31,48.34,17584
TRP,201701241044,48.34,48.38,48.34,48.38,13283
TRP,201701241045,48.38,48.38,48.37,48.37,6425
TRP,201701241046,48.37,48.39,48.37,48.37,3205
TRP,201701241047,48.38,48.45,48.38,48.44,6990
TRP,201701241048,48.45,48.55,48.45,48.54,12465
TRP,201701241049,48.55,48.56,48.5,48.53,6360
TRP,201701241050,48.54,48.57,48.51,48.54,7070
TRP,201701241051,48.56,48.7,48.56,48.63,16601
TRP,201701241052,48.65,48.67,48.61,48.63,5221
TRP,201701241053,48.62,48.63,48.59,48.62,4349
TRP,201701241054,48.62,48.65,48.61,48.65,4850
TRP,201701241055,48.65,48.75,48.61,48.75,18819
TRP,201701241056,48.75,48.78,48.68,48.77,21590
TRP,201701241057,48.77,48.88,48.77,48.88,7086
TRP,201701241058,48.89,48.9,48.84,48.85,6850
TRP,201701241059,48.85,48.9,48.82,48.9,14361
TRP,201701241100,48.91,48.95,48.89,48.94,13248
TRP,201701241101,48.95,48.99,48.88,48.9,10965
TRP,201701241102,48.91,48.91,48.82,48.89,10459
TRP,201701241103,48.9,48.91,48.85,48.9,28400
TRP,201701241104,48.9,48.91,48.83,48.86,11729
TRP,201701241105,48.86,48.87,48.81,48.82,4800
TRP,201701241106,48.83,48.91,48.82,48.88,12320
TRP,201701241107,48.87,48.88,48.77,48.79,8467
TRP,201701241108,48.79,48.82,48.78,48.81,4025
TRP,201701241109,48.81,48.81,48.76,48.76,9588
TRP,201701241110,48.77,48.78,48.76,48.77,3412
TRP,201701241111,48.77,48.78,48.72,48.77,9906
TRP,201701241112,48.77,48.78,48.76,48.77,6593
TRP,201701241113,48.78,48.79,48.75,48.76,13752
TRP,201701241114,48.74,48.77,48.74,48.77,6350
TRP,201701241115,48.79,48.79,48.72,48.77,15359
TRP,201701241116,48.75,48.75,48.73,48.73,24665
TRP,201701241117,48.73,48.76,48.73,48.75,4400
TRP,201701241118,48.75,48.77,48.74,48.74,6721
TRP,201701241119,48.75,48.76,48.74,48.76,3500
TRP,201701241120,48.75,48.76,48.55,48.56,120263
TRP,201701241121,48.57,48.65,48.37,48.37,146970
TRP,201701241122,48.38,48.54,48.25,48.32,99187
TRP,201701241123,48.32,48.57,48.22,48.56,122715
TRP,201701241124,48.56,48.66,48.45,48.57,52966
TRP,201701241125,48.58,48.59,48.49,48.51,34116
TRP,201701241126,48.52,48.55,48.46,48.49,31522
TRP,201701241127,48.47,48.5,48.37,48.44,15572
TRP,201701241128,48.46,48.46,48.29,48.39,21073
TRP,201701241129,48.39,48.41,48.32,48.32,7950
TRP,201701241130,48.32,48.35,48.25,48.28,29724
TRP,201701241131,48.29,48.41,48.29,48.41,12515
TRP,201701241132,48.39,48.39,48.23,48.29,35325
TRP,201701241133,48.29,48.39,48.26,48.38,16584
TRP,201701241134,48.38,48.4,48.31,48.39,9682
TRP,201701241135,48.4,48.52,48.4,48.5,37800
TRP,201701241136,48.51,48.61,48.48,48.6,30459
TRP,201701241137,48.61,48.61,48.51,48.53,26046
TRP,201701241138,48.53,48.64,48.52,48.64,26580
TRP,201701241139,48.62,48.62,48.56,48.58,9775
TRP,201701241140,48.58,48.58,48.52,48.54,9304
TRP,201701241141,48.54,48.56,48.54,48.55,5000
TRP,201701241142,48.55,48.56,48.5,48.56,15167
TRP,201701241143,48.56,48.58,48.55,48.55,9351
TRP,201701241144,48.55,48.61,48.55,48.6,25235
TRP,201701241145,48.6,48.61,48.56,48.56,6000
TRP,201701241146,48.57,48.59,48.53,48.59,8053
TRP,201701241147,48.59,48.6,48.52,48.57,14551
TRP,201701241148,48.58,48.59,48.57,48.58,4708
TRP,201701241149,48.58,48.58,48.56,48.57,5260
TRP,201701241150,48.56,48.58,48.55,48.58,6130
TRP,201701241151,48.58,48.6,48.58,48.58,4700
TRP,201701241152,48.58,48.66,48.58,48.66,14456
TRP,201701241153,48.68,48.71,48.67,48.7,11336
TRP,201701241154,48.7,48.74,48.68,48.71,8879
TRP,201701241155,48.72,48.77,48.72,48.73,6723
TRP,201701241156,48.73,48.73,48.7,48.7,7397
TRP,201701241157,48.72,48.77,48.72,48.73,6971
TRP,201701241158,48.73,48.78,48.68,48.78,11256
TRP,201701241159,48.79,48.81,48.72,48.76,11080
TRP,201701241200,48.77,48.77,48.73,48.73,5580
TRP,201701241201,48.73,48.73,48.67,48.67,4258
TRP,201701241202,48.68,48.7,48.65,48.65,3044
TRP,201701241203,48.66,48.66,48.64,48.65,2818
TRP,201701241204,48.66,48.7,48.66,48.68,5600
TRP,201701241205,48.7,48.7,48.65,48.68,3899
TRP,201701241206,48.72,48.72,48.68,48.68,3085
TRP,201701241207,48.69,48.69,48.67,48.68,2000
TRP,201701241208,48.68,48.7,48.68,48.68,1000
TRP,201701241209,48.68,48.75,48.67,48.74,2300
TRP,201701241210,48.72,48.72,48.67,48.69,5750
TRP,201701241211,48.7,48.72,48.69,48.72,6321
TRP,201701241212,48.73,48.74,48.69,48.74,2312
TRP,201701241213,48.72,48.74,48.71,48.71,7200
TRP,201701241214,48.72,48.76,48.7,48.76,12585
TRP,201701241215,48.78,48.79,48.77,48.77,3090
TRP,201701241216,48.78,48.79,48.77,48.79,1100
TRP,201701241217,48.8,48.81,48.79,48.79,2415
TRP,201701241218,48.8,48.82,48.8,48.81,2850
TRP,201701241219,48.8,48.82,48.8,48.81,1700
TRP,201701241220,48.81,48.83,48.81,48.81,3422
TRP,201701241221,48.8,48.84,48.8,48.84,1400
TRP,201701241222,48.83,48.88,48.83,48.84,12028
TRP,201701241223,48.85,48.9,48.85,48.88,9975
TRP,201701241224,48.88,48.9,48.86,48.89,7873
TRP,201701241225,48.89,48.91,48.88,48.91,4200
TRP,201701241226,48.91,48.92,48.89,48.92,2724
TRP,201701241227,48.93,48.93,48.87,48.87,2625
TRP,201701241228,48.88,48.89,48.87,48.88,7350
TRP,201701241229,48.89,48.89,48.87,48.87,1932
TRP,201701241230,48.88,48.91,48.88,48.9,2480
TRP,201701241231,48.9,48.9,48.89,48.89,1672
TRP,201701241232,48.89,48.92,48.89,48.91,5267
TRP,201701241233,48.91,48.91,48.9,48.9,1952
TRP,201701241234,48.9,48.92,48.89,48.92,10643
TRP,201701241235,48.91,48.94,48.89,48.89,8317
TRP,201701241236,48.9,48.91,48.89,48.9,4600
TRP,201701241237,48.9,48.91,48.89,48.89,7004
TRP,201701241238,48.9,48.93,48.88,48.92,7702
TRP,201701241239,48.9,48.92,48.9,48.9,4514
TRP,201701241240,48.91,48.91,48.89,48.89,4549
TRP,201701241241,48.89,48.9,48.88,48.88,1600
TRP,201701241242,48.88,48.89,48.88,48.89,1600
TRP,201701241243,48.88,48.93,48.88,48.92,10896
TRP,201701241244,48.93,48.94,48.9,48.91,9820
TRP,201701241245,48.92,48.93,48.91,48.91,5015
TRP,201701241246,48.92,48.92,48.89,48.89,2861
TRP,201701241247,48.89,48.91,48.89,48.91,2750
TRP,201701241248,48.91,48.93,48.9,48.93,4361
TRP,201701241249,48.93,48.94,48.92,48.92,2849
TRP,201701241250,48.92,48.92,48.91,48.92,800
TRP,201701241251,48.92,48.94,48.92,48.92,4852
TRP,201701241252,48.92,48.93,48.87,48.87,7168
TRP,201701241253,48.86,48.87,48.82,48.83,4838
TRP,201701241254,48.82,48.83,48.82,48.82,2300
TRP,201701241255,48.82,48.83,48.81,48.82,6250
TRP,201701241256,48.82,48.86,48.82,48.85,5594
TRP,201701241257,48.85,48.85,48.83,48.84,9110
TRP,201701241258,48.83,48.83,48.79,48.79,3001
TRP,201701241259,48.79,48.8,48.77,48.79,1850
TRP,201701241300,48.78,48.78,48.72,48.74,14170
TRP,201701241301,48.74,48.76,48.73,48.74,11496
TRP,201701241302,48.75,48.75,48.71,48.74,10628
TRP,201701241303,48.73,48.73,48.71,48.72,5380
TRP,201701241304,48.71,48.73,48.7,48.73,5418
TRP,201701241305,48.73,48.74,48.73,48.74,7100
TRP,201701241306,48.74,48.74,48.74,48.74,300
TRP,201701241307,48.72,48.73,48.71,48.72,2984
TRP,201701241308,48.72,48.77,48.7,48.77,15332
TRP,201701241309,48.76,48.76,48.73,48.74,2200
TRP,201701241310,48.74,48.74,48.71,48.71,4730
TRP,201701241311,48.72,48.75,48.71,48.73,5150
TRP,201701241312,48.74,48.74,48.71,48.73,2800
TRP,201701241313,48.72,48.74,48.72,48.74,2582
TRP,201701241314,48.74,48.75,48.73,48.74,5300
TRP,201701241315,48.74,48.75,48.73,48.73,6527
TRP,201701241316,48.74,48.76,48.73,48.74,9615
TRP,201701241317,48.74,48.79,48.74,48.78,7608
TRP,201701241318,48.77,48.77,48.74,48.74,7982
TRP,201701241319,48.75,48.78,48.74,48.78,4394
TRP,201701241320,48.77,48.78,48.76,48.78,3493
TRP,201701241321,48.78,48.8,48.76,48.78,10198
TRP,201701241322,48.77,48.77,48.76,48.76,2700
TRP,201701241323,48.77,48.78,48.76,48.76,4695
TRP,201701241324,48.76,48.76,48.75,48.75,1700
TRP,201701241325,48.74,48.81,48.74,48.81,4947
TRP,201701241326,48.81,48.81,48.79,48.8,2256
TRP,201701241327,48.8,48.81,48.8,48.8,1100
TRP,201701241328,48.8,48.81,48.8,48.81,900
TRP,201701241329,48.8,48.83,48.8,48.81,8200
TRP,201701241330,48.81,48.83,48.8,48.81,9704
TRP,201701241331,48.81,48.82,48.8,48.8,2550
TRP,201701241332,48.81,48.83,48.81,48.83,7204
TRP,201701241333,48.82,48.84,48.82,48.83,7600
TRP,201701241334,48.83,48.83,48.8,48.81,14300
TRP,201701241335,48.81,48.83,48.81,48.83,4723
TRP,201701241336,48.82,48.82,48.8,48.81,7506
TRP,201701241337,48.81,48.81,48.8,48.81,2974
TRP,201701241338,48.8,48.8,48.77,48.77,1700
TRP,201701241339,48.77,48.83,48.77,48.81,7631
TRP,201701241340,48.81,48.82,48.8,48.8,2000
TRP,201701241341,48.79,48.82,48.79,48.82,3807
TRP,201701241342,48.82,48.82,48.8,48.81,3950
TRP,201701241343,48.79,48.79,48.77,48.78,2284
TRP,201701241344,48.78,48.81,48.78,48.81,2591
TRP,201701241345,48.81,48.85,48.81,48.85,10279
TRP,201701241346,48.84,48.86,48.83,48.83,4500
TRP,201701241347,48.83,48.83,48.8,48.8,4888
TRP,201701241348,48.8,48.81,48.8,48.8,2890
TRP,201701241349,48.81,48.81,48.8,48.8,4038
TRP,201701241350,48.8,48.82,48.8,48.81,7002
TRP,201701241351,48.81,48.81,48.8,48.8,1200
TRP,201701241352,48.8,48.81,48.79,48.8,1405
TRP,201701241353,48.79,48.8,48.77,48.79,47845
TRP,201701241354,48.79,48.79,48.77,48.79,2810
TRP,201701241355,48.79,48.79,48.79,48.79,960
TRP,201701241356,48.78,48.8,48.78,48.79,3111
TRP,201701241357,48.79,48.79,48.78,48.78,820
TRP,201701241358,48.78,48.78,48.75,48.76,6523
TRP,201701241359,48.76,48.76,48.75,48.75,2800
TRP,201701241400,48.75,48.75,48.74,48.75,3315
TRP,201701241401,48.75,48.76,48.75,48.75,2629
TRP,201701241402,48.73,48.74,48.72,48.72,1025
TRP,201701241403,48.71,48.74,48.71,48.74,2164
TRP,201701241404,48.75,48.76,48.74,48.75,4300
TRP,201701241405,48.75,48.76,48.75,48.76,1815
TRP,201701241406,48.76,48.76,48.74,48.75,2450
TRP,201701241407,48.74,48.74,48.73,48.73,700
TRP,201701241408,48.74,48.75,48.73,48.74,4775
TRP,201701241409,48.74,48.75,48.71,48.71,4805
TRP,201701241410,48.71,48.71,48.7,48.7,4000
TRP,201701241411,48.7,48.7,48.67,48.69,12530
TRP,201701241412,48.7,48.71,48.69,48.69,8283
TRP,201701241413,48.7,48.71,48.69,48.69,4349
TRP,201701241414,48.69,48.7,48.68,48.68,3000
TRP,201701241415,48.69,48.73,48.68,48.68,15037
TRP,201701241416,48.69,48.71,48.67,48.67,5572
TRP,201701241417,48.68,48.71,48.68,48.7,5400
TRP,201701241418,48.69,48.69,48.67,48.67,1400
TRP,201701241419,48.67,48.69,48.67,48.68,1300
TRP,201701241420,48.69,48.71,48.67,48.71,2400
TRP,201701241421,48.71,48.73,48.71,48.72,3686
TRP,201701241422,48.72,48.73,48.71,48.71,2010
TRP,201701241423,48.71,48.71,48.67,48.7,6166
TRP,201701241424,48.69,48.75,48.69,48.74,8207
TRP,201701241425,48.74,48.75,48.74,48.75,1617
TRP,201701241426,48.75,48.78,48.75,48.77,7567
TRP,201701241427,48.77,48.79,48.76,48.76,3856
TRP,201701241428,48.75,48.75,48.72,48.72,4925
TRP,201701241429,48.71,48.72,48.7,48.7,1900
TRP,201701241430,48.68,48.7,48.68,48.69,4807
TRP,201701241431,48.69,48.69,48.66,48.67,2500
TRP,201701241432,48.68,48.71,48.67,48.71,3750
TRP,201701241433,48.7,48.7,48.69,48.7,2935
TRP,201701241434,48.7,48.7,48.66,48.66,3471
TRP,201701241435,48.67,48.68,48.67,48.67,2333
TRP,201701241436,48.67,48.68,48.66,48.66,2550
TRP,201701241437,48.65,48.67,48.65,48.67,3000
TRP,201701241438,48.67,48.67,48.66,48.66,3721
TRP,201701241439,48.66,48.67,48.66,48.66,5543
TRP,201701241440,48.67,48.67,48.65,48.65,1700
TRP,201701241441,48.65,48.66,48.64,48.64,2100
TRP,201701241442,48.65,48.66,48.63,48.65,2775
TRP,201701241443,48.67,48.67,48.63,48.65,43599
TRP,201701241444,48.65,48.66,48.64,48.65,33199
TRP,201701241445,48.65,48.65,48.65,48.65,4699
TRP,201701241446,48.66,48.69,48.65,48.66,14560
TRP,201701241447,48.69,48.72,48.69,48.72,4969
TRP,201701241448,48.71,48.72,48.68,48.68,6404
TRP,201701241449,48.67,48.67,48.67,48.67,1100
TRP,201701241450,48.67,48.7,48.67,48.7,5509
TRP,201701241451,48.7,48.71,48.7,48.71,4519
TRP,201701241452,48.71,48.71,48.69,48.71,3724
TRP,201701241453,48.71,48.73,48.7,48.72,7190
TRP,201701241454,48.73,48.73,48.72,48.72,2890
TRP,201701241455,48.72,48.72,48.71,48.71,4680
TRP,201701241456,48.72,48.72,48.69,48.71,2000
TRP,201701241457,48.7,48.7,48.67,48.67,3637
TRP,201701241458,48.68,48.68,48.66,48.67,14191
TRP,201701241459,48.68,48.69,48.68,48.69,4000
TRP,201701241500,48.68,48.69,48.67,48.68,2624
TRP,201701241501,48.68,48.7,48.68,48.7,7300
TRP,201701241502,48.69,48.7,48.69,48.7,2500
TRP,201701241503,48.7,48.71,48.7,48.71,4648
TRP,201701241504,48.7,48.72,48.7,48.71,3125
TRP,201701241505,48.71,48.71,48.69,48.71,22558
TRP,201701241506,48.69,48.7,48.66,48.67,22624
TRP,201701241507,48.67,48.68,48.64,48.66,10635
TRP,201701241508,48.67,48.69,48.66,48.69,5810
TRP,201701241509,48.69,48.71,48.67,48.68,9651
TRP,201701241510,48.68,48.68,48.67,48.67,3500
TRP,201701241511,48.67,48.69,48.66,48.68,6700
TRP,201701241512,48.69,48.7,48.69,48.69,8800
TRP,201701241513,48.69,48.7,48.68,48.68,4015
TRP,201701241514,48.68,48.68,48.66,48.67,6588
TRP,201701241515,48.66,48.68,48.66,48.68,2909
TRP,201701241516,48.67,48.67,48.66,48.66,3096
TRP,201701241517,48.67,48.69,48.66,48.68,11580
TRP,201701241518,48.68,48.7,48.68,48.7,3420
TRP,201701241519,48.69,48.7,48.69,48.69,2305
TRP,201701241520,48.69,48.7,48.68,48.7,4684
TRP,201701241521,48.7,48.7,48.67,48.7,43061
TRP,201701241522,48.7,48.74,48.7,48.74,8236
TRP,201701241523,48.74,48.76,48.73,48.76,8304
TRP,201701241524,48.76,48.77,48.76,48.77,7150
TRP,201701241525,48.76,48.76,48.76,48.76,485
TRP,201701241526,48.79,48.79,48.78,48.79,8000
TRP,201701241527,48.79,48.79,48.78,48.79,20355
TRP,201701241528,48.8,48.82,48.8,48.81,10522
TRP,201701241529,48.8,48.8,48.78,48.79,7300
TRP,201701241530,48.8,48.8,48.76,48.76,13613
TRP,201701241531,48.76,48.78,48.76,48.77,11251
TRP,201701241532,48.77,48.81,48.76,48.81,14800
TRP,201701241533,48.8,48.81,48.79,48.8,14700
TRP,201701241534,48.8,48.82,48.8,48.82,5697
TRP,201701241535,48.82,48.84,48.81,48.82,11950
TRP,201701241536,48.82,48.84,48.8,48.84,35117
TRP,201701241537,48.83,48.84,48.81,48.82,16760
TRP,201701241538,48.83,48.85,48.82,48.85,22981
TRP,201701241539,48.85,48.86,48.84,48.86,40191
TRP,201701241540,48.85,48.87,48.84,48.87,31093
TRP,201701241541,48.86,48.87,48.83,48.85,39766
TRP,201701241542,48.84,48.92,48.84,48.91,43027
TRP,201701241543,48.92,48.96,48.9,48.9,67928
TRP,201701241544,48.91,48.91,48.89,48.9,12071
TRP,201701241545,48.9,48.9,48.89,48.89,11005
TRP,201701241546,48.89,48.89,48.84,48.84,15770
TRP,201701241547,48.84,48.86,48.83,48.85,13984
TRP,201701241548,48.85,48.86,48.84,48.84,23192
TRP,201701241549,48.84,48.87,48.84,48.87,13246
TRP,201701241550,48.87,48.9,48.86,48.89,10507
TRP,201701241551,48.89,48.89,48.82,48.84,50656
TRP,201701241552,48.84,48.84,48.81,48.83,130230
TRP,201701241553,48.82,48.83,48.8,48.8,12088
TRP,201701241554,48.81,48.84,48.8,48.84,13767
TRP,201701241555,48.84,48.85,48.8,48.82,18472
TRP,201701241556,48.82,48.82,48.8,48.8,11507
TRP,201701241557,48.8,48.81,48.79,48.79,16728
TRP,201701241558,48.8,48.8,48.79,48.8,15533
TRP,201701241559,48.8,48.85,48.76,48.82,43034
TRP,201701241604,48.84,48.84,48.84,48.84,25574
TRP,201701241651,48.87,48.87,48.87,48.87,414
