<ticker>,<date>,<open>,<high>,<low>,<close>,<vol>
WMT,201701170901,67.5,67.6,67.5,67.6,2300
WMT,201701170903,67.5,67.5,67.5,67.5,3000
WMT,201701170905,67.52,67.52,67.52,67.52,400
WMT,201701170907,67.51,67.51,67.5,67.51,2700
WMT,201701170911,67.52,67.53,67.52,67.53,2600
WMT,201701170920,67.5,67.53,67.5,67.5,15945
WMT,201701170925,67.5,67.5,67.5,67.5,3070
WMT,201701170926,67.5,67.7,67.5,67.7,4227
WMT,201701170927,67.8,68.17,67.8,68.01,13300
WMT,201701170928,68.01,68.09,67.76,67.92,8870
WMT,201701170929,68.03,68.13,67.91,68.12,16765
WMT,201701170930,68.09,68.34,68.06,68.26,33914
WMT,201701170931,68.25,68.56,68.06,68.55,512905
WMT,201701170932,68.55,68.83,68.36,68.75,160851
WMT,201701170933,68.73,69.06,68.64,68.98,281481
WMT,201701170934,68.98,69.03,68.1,68.87,197079
WMT,201701170935,68.85,69.02,68.1,69.01,124189
WMT,201701170936,69.02,69.07,68.92,69.07,118806
WMT,201701170937,69.07,69.09,69,69.05,50130
WMT,201701170938,69.06,69.23,69.02,69.2,165894
WMT,201701170939,69.19,69.22,69.1,69.2,142386
WMT,201701170940,69.2,69.21,69.15,69.21,86663
WMT,201701170941,69.2,69.28,69.2,69.27,150159
WMT,201701170942,69.27,69.29,69.25,69.26,115804
WMT,201701170943,69.26,69.26,69.02,69.04,98858
WMT,201701170944,69.03,69.1,68.1,68.98,83539
WMT,201701170945,68.96,68.99,68.78,68.78,161892
WMT,201701170946,68.78,68.91,68.77,68.79,55008
WMT,201701170947,68.8,68.86,68.8,68.83,49376
WMT,201701170948,68.82,68.86,68.66,68.68,98428
WMT,201701170949,68.69,68.75,68.68,68.72,72504
WMT,201701170950,68.71,68.83,68.71,68.83,51337
WMT,201701170951,68.85,68.97,68.83,68.87,58645
WMT,201701170952,68.88,68.95,68.85,68.93,51674
WMT,201701170953,68.92,68.94,68.87,68.88,27311
WMT,201701170954,68.87,68.96,68.87,68.94,36490
WMT,201701170955,68.94,68.95,68.82,68.83,28223
WMT,201701170956,68.84,68.9,68.8,68.8,35154
WMT,201701170957,68.81,68.89,68.81,68.88,19473
WMT,201701170958,68.88,68.98,68.87,68.96,40505
WMT,201701170959,68.97,68.99,68.9,68.93,29452
WMT,201701171000,68.92,68.94,68.88,68.93,15289
WMT,201701171001,68.93,68.93,68.84,68.91,30275
WMT,201701171002,68.9,68.91,68.85,68.9,18812
WMT,201701171003,68.89,68.91,68.85,68.9,18920
WMT,201701171004,68.91,68.99,68.91,68.98,31683
WMT,201701171005,68.99,69.08,68.99,69,101854
WMT,201701171006,69,69,68.95,68.97,7589
WMT,201701171007,68.98,68.99,68.96,68.97,14359
WMT,201701171008,68.98,69.05,68.97,69.04,31140
WMT,201701171009,69.04,69.07,69.01,69.02,43297
WMT,201701171010,69.02,69.05,68.99,69.01,24162
WMT,201701171011,69.01,69.05,69,69,38163
WMT,201701171012,69,69,68.89,68.93,57867
WMT,201701171013,68.93,69,68.1,68.99,28534
WMT,201701171014,68.99,69.02,68.1,68.99,35450
WMT,201701171015,68.99,69.03,68.98,69.03,44506
WMT,201701171016,69.13,69.13,69.12,69.12,528
WMT,201701171017,69.1,69.15,69.1,69.11,39506
WMT,201701171018,69.09,69.1,69,69,33229
WMT,201701171019,69,69.09,68.99,69.09,18514
WMT,201701171020,69.08,69.1,69.05,69.07,14044
WMT,201701171021,69.07,69.1,69.05,69.09,12817
WMT,201701171022,69.09,69.15,69.06,69.11,27858
WMT,201701171023,69.11,69.13,69.1,69.13,10871
WMT,201701171024,69.13,69.14,69.11,69.12,16973
WMT,201701171025,69.12,69.14,69.1,69.12,16349
WMT,201701171026,69.13,69.18,69.12,69.18,27426
WMT,201701171027,69.18,69.19,69.16,69.19,13920
WMT,201701171028,69.19,69.22,69.14,69.16,40472
WMT,201701171029,69.16,69.2,69.13,69.14,29787
WMT,201701171030,69.14,69.16,69.14,69.16,23781
WMT,201701171031,69.15,69.15,69.13,69.14,21275
WMT,201701171032,69.14,69.16,69.14,69.14,25916
WMT,201701171033,69.14,69.19,69.13,69.19,42704
WMT,201701171034,69.2,69.22,69.17,69.22,26604
WMT,201701171035,69.21,69.21,69.16,69.16,36189
WMT,201701171036,69.17,69.2,69.17,69.19,11132
WMT,201701171037,69.19,69.19,69.11,69.13,60257
WMT,201701171038,69.13,69.18,69.12,69.17,12339
WMT,201701171039,69.18,69.2,69.18,69.19,13106
WMT,201701171040,69.2,69.22,69.19,69.22,19465
WMT,201701171041,69.22,69.24,69.18,69.19,39673
WMT,201701171042,69.18,69.2,69.15,69.16,21121
WMT,201701171043,69.16,69.17,69.12,69.13,8360
WMT,201701171044,69.13,69.17,69.12,69.15,13199
WMT,201701171045,69.15,69.18,69.15,69.17,8181
WMT,201701171046,69.17,69.18,69.15,69.15,13626
WMT,201701171047,69.15,69.16,69.13,69.15,9288
WMT,201701171048,69.16,69.18,69.13,69.17,26980
WMT,201701171049,69.17,69.19,69.15,69.18,27708
WMT,201701171050,69.18,69.19,69.16,69.19,15388
WMT,201701171051,69.18,69.2,69.17,69.17,22715
WMT,201701171052,69.17,69.19,69.16,69.16,17828
WMT,201701171053,69.16,69.19,69.15,69.16,21570
WMT,201701171054,69.16,69.19,69.16,69.19,12403
WMT,201701171055,69.19,69.2,69.18,69.2,16480
WMT,201701171056,69.19,69.24,69.19,69.23,32515
WMT,201701171057,69.24,69.24,69.22,69.22,33692
WMT,201701171058,69.23,69.23,69.2,69.22,20606
WMT,201701171059,69.23,69.23,69.21,69.21,13770
WMT,201701171100,69.21,69.24,69.21,69.24,29827
WMT,201701171101,69.23,69.24,69.23,69.23,10026
WMT,201701171102,69.24,69.24,69.23,69.23,6400
WMT,201701171103,69.24,69.24,69.17,69.17,44727
WMT,201701171104,69.16,69.22,69.16,69.2,25776
WMT,201701171105,69.21,69.22,69.18,69.2,20630
WMT,201701171106,69.2,69.21,69.15,69.21,17062
WMT,201701171107,69.2,69.21,69.17,69.18,21611
WMT,201701171108,69.18,69.2,69.18,69.2,6991
WMT,201701171109,69.2,69.2,69.18,69.18,11973
WMT,201701171110,69.18,69.2,69.18,69.19,15193
WMT,201701171111,69.19,69.22,69.19,69.21,24927
WMT,201701171112,69.2,69.22,69.17,69.18,27725
WMT,201701171113,69.19,69.19,69.15,69.16,21881
WMT,201701171114,69.15,69.16,69.12,69.12,15943
WMT,201701171115,69.12,69.14,69.1,69.13,17561
WMT,201701171116,69.13,69.14,69.12,69.12,14863
WMT,201701171117,69.12,69.13,69.04,69.04,20548
WMT,201701171118,69.04,69.05,69.01,69.04,13558
WMT,201701171119,69.03,69.03,69,69,22424
WMT,201701171120,68.99,69.01,68.99,68.99,21976
WMT,201701171121,68.99,68.99,68.97,68.98,12554
WMT,201701171122,68.99,68.99,68.96,68.97,18643
WMT,201701171123,68.98,68.98,68.94,68.95,16412
WMT,201701171124,68.95,68.95,68.89,68.9,15738
WMT,201701171125,68.89,68.91,68.89,68.91,13585
WMT,201701171126,68.91,68.91,68.89,68.9,9591
WMT,201701171127,68.89,68.9,68.84,68.84,19554
WMT,201701171128,68.84,68.87,68.84,68.85,18483
WMT,201701171129,68.86,68.89,68.85,68.88,10641
WMT,201701171130,68.88,68.89,68.87,68.88,14246
WMT,201701171131,68.88,68.89,68.87,68.87,20935
WMT,201701171132,68.87,68.88,68.87,68.87,4555
WMT,201701171133,68.87,68.88,68.87,68.88,7760
WMT,201701171134,68.88,68.88,68.83,68.83,29577
WMT,201701171135,68.83,68.85,68.8,68.85,19788
WMT,201701171136,68.85,68.87,68.83,68.83,21169
WMT,201701171137,68.84,68.84,68.79,68.81,14343
WMT,201701171138,68.81,68.86,68.8,68.85,12756
WMT,201701171139,68.85,68.87,68.85,68.87,2402
WMT,201701171140,68.87,68.89,68.86,68.88,6535
WMT,201701171141,68.89,68.94,68.89,68.94,12977
WMT,201701171142,68.94,68.96,68.9,68.9,26199
WMT,201701171143,68.9,68.91,68.9,68.91,6890
WMT,201701171144,68.9,68.91,68.84,68.85,22947
WMT,201701171145,68.87,68.87,68.86,68.86,8988
WMT,201701171146,68.86,68.87,68.84,68.86,26012
WMT,201701171147,68.85,68.85,68.82,68.82,14055
WMT,201701171148,68.82,68.85,68.82,68.84,8616
WMT,201701171149,68.85,68.85,68.82,68.82,11008
WMT,201701171150,68.82,68.83,68.79,68.79,16900
WMT,201701171151,68.8,68.82,68.8,68.82,7196
WMT,201701171152,68.82,68.83,68.82,68.82,1941
WMT,201701171153,68.82,68.83,68.79,68.79,13232
WMT,201701171154,68.78,68.8,68.78,68.79,4929
WMT,201701171155,68.79,68.82,68.79,68.82,33186
WMT,201701171156,68.82,68.82,68.78,68.78,25342
WMT,201701171157,68.79,68.79,68.75,68.75,11242
WMT,201701171158,68.76,68.77,68.75,68.75,7900
WMT,201701171159,68.75,68.79,68.72,68.72,16797
WMT,201701171200,68.73,68.75,68.72,68.73,7504
WMT,201701171201,68.73,68.74,68.73,68.73,3300
WMT,201701171202,68.73,68.74,68.7,68.7,26522
WMT,201701171203,68.71,68.74,68.7,68.74,9048
WMT,201701171204,68.75,68.76,68.75,68.76,4152
WMT,201701171205,68.76,68.77,68.75,68.77,15249
WMT,201701171206,68.77,68.79,68.77,68.79,6600
WMT,201701171207,68.79,68.8,68.76,68.77,16965
WMT,201701171208,68.77,68.8,68.77,68.79,3121
WMT,201701171209,68.79,68.81,68.79,68.8,3250
WMT,201701171210,68.8,68.8,68.77,68.77,19884
WMT,201701171211,68.77,68.77,68.72,68.73,17285
WMT,201701171212,68.74,68.77,68.74,68.77,6478
WMT,201701171213,68.76,68.79,68.76,68.78,14250
WMT,201701171214,68.79,68.8,68.78,68.78,7274
WMT,201701171215,68.78,68.79,68.71,68.72,23958
WMT,201701171216,68.72,68.73,68.7,68.7,7580
WMT,201701171217,68.7,68.7,68.69,68.7,5519
WMT,201701171218,68.7,68.7,68.69,68.7,5745
WMT,201701171219,68.7,68.71,68.7,68.71,5308
WMT,201701171220,68.72,68.72,68.7,68.7,9730
WMT,201701171221,68.7,68.75,68.7,68.75,8036
WMT,201701171222,68.74,68.75,68.74,68.75,6135
WMT,201701171223,68.76,68.76,68.74,68.76,14044
WMT,201701171224,68.77,68.79,68.74,68.75,19543
WMT,201701171225,68.76,68.77,68.75,68.76,8499
WMT,201701171226,68.77,68.78,68.74,68.76,9756
WMT,201701171227,68.75,68.75,68.69,68.7,38699
WMT,201701171228,68.71,68.72,68.7,68.7,8406
WMT,201701171229,68.7,68.73,68.68,68.72,23765
WMT,201701171230,68.72,68.74,68.72,68.72,24366
WMT,201701171231,68.73,68.73,68.71,68.71,10206
WMT,201701171232,68.71,68.71,68.7,68.7,4427
WMT,201701171233,68.7,68.74,68.7,68.72,26809
WMT,201701171234,68.72,68.72,68.7,68.7,4048
WMT,201701171235,68.7,68.7,68.68,68.68,7575
WMT,201701171236,68.68,68.68,68.62,68.63,29035
WMT,201701171237,68.64,68.66,68.64,68.64,8722
WMT,201701171238,68.65,68.66,68.64,68.64,17682
WMT,201701171239,68.65,68.65,68.62,68.63,14618
WMT,201701171240,68.63,68.63,68.62,68.63,5014
WMT,201701171241,68.63,68.63,68.62,68.62,8793
WMT,201701171242,68.62,68.63,68.61,68.62,8239
WMT,201701171243,68.62,68.64,68.62,68.64,10831
WMT,201701171244,68.63,68.63,68.57,68.58,12396
WMT,201701171245,68.57,68.58,68.55,68.55,16170
WMT,201701171246,68.54,68.55,68.53,68.54,19627
WMT,201701171247,68.53,68.54,68.52,68.53,14252
WMT,201701171248,68.52,68.54,68.52,68.53,15367
WMT,201701171249,68.52,68.54,68.52,68.53,3550
WMT,201701171250,68.53,68.54,68.53,68.53,4406
WMT,201701171251,68.53,68.58,68.53,68.58,19527
WMT,201701171252,68.58,68.58,68.56,68.56,17199
WMT,201701171253,68.56,68.57,68.56,68.56,1750
WMT,201701171254,68.56,68.56,68.54,68.54,11888
WMT,201701171255,68.53,68.56,68.53,68.54,8765
WMT,201701171256,68.55,68.58,68.54,68.57,19539
WMT,201701171257,68.56,68.57,68.53,68.53,19424
WMT,201701171258,68.54,68.54,68.51,68.54,9752
WMT,201701171259,68.54,68.55,68.51,68.51,13888
WMT,201701171300,68.52,68.53,68.52,68.52,5870
WMT,201701171301,68.53,68.54,68.52,68.52,7783
WMT,201701171302,68.52,68.53,68.52,68.52,4302
WMT,201701171303,68.52,68.56,68.52,68.55,29529
WMT,201701171304,68.55,68.56,68.55,68.56,2548
WMT,201701171305,68.55,68.6,68.54,68.58,25632
WMT,201701171306,68.59,68.59,68.56,68.56,12900
WMT,201701171307,68.57,68.57,68.55,68.55,9696
WMT,201701171308,68.55,68.56,68.52,68.56,46644
WMT,201701171309,68.56,68.59,68.56,68.59,18525
WMT,201701171310,68.59,68.59,68.58,68.58,12094
WMT,201701171311,68.58,68.59,68.58,68.58,16601
WMT,201701171312,68.59,68.59,68.57,68.57,8443
WMT,201701171313,68.58,68.59,68.56,68.58,7132
WMT,201701171314,68.58,68.59,68.57,68.57,16313
WMT,201701171315,68.57,68.58,68.55,68.55,8530
WMT,201701171316,68.55,68.57,68.54,68.54,11476
WMT,201701171317,68.55,68.58,68.54,68.57,10505
WMT,201701171318,68.56,68.58,68.56,68.57,8852
WMT,201701171319,68.57,68.58,68.57,68.58,4956
WMT,201701171320,68.58,68.6,68.58,68.6,6001
WMT,201701171321,68.6,68.61,68.6,68.6,5311
WMT,201701171322,68.6,68.6,68.56,68.57,30979
WMT,201701171323,68.57,68.59,68.57,68.58,16868
WMT,201701171324,68.59,68.59,68.57,68.57,4509
WMT,201701171325,68.57,68.58,68.57,68.57,4863
WMT,201701171326,68.57,68.58,68.57,68.58,7303
WMT,201701171327,68.58,68.59,68.58,68.58,2127
WMT,201701171328,68.59,68.59,68.57,68.58,5745
WMT,201701171329,68.58,68.58,68.56,68.58,7573
WMT,201701171330,68.57,68.59,68.57,68.58,4170
WMT,201701171331,68.58,68.59,68.58,68.59,18462
WMT,201701171332,68.59,68.6,68.58,68.59,18700
WMT,201701171333,68.6,68.64,68.6,68.64,13169
WMT,201701171334,68.64,68.66,68.64,68.65,27083
WMT,201701171335,68.65,68.67,68.65,68.66,25672
WMT,201701171336,68.66,68.66,68.61,68.62,22091
WMT,201701171337,68.61,68.68,68.61,68.67,25056
WMT,201701171338,68.68,68.7,68.67,68.68,14408
WMT,201701171339,68.68,68.69,68.64,68.64,25576
WMT,201701171340,68.63,68.68,68.63,68.67,6512
WMT,201701171341,68.67,68.69,68.67,68.68,10985
WMT,201701171342,68.68,68.72,68.68,68.72,15979
WMT,201701171343,68.71,68.72,68.69,68.69,24114
WMT,201701171344,68.7,68.73,68.7,68.72,6743
WMT,201701171345,68.73,68.73,68.7,68.72,24086
WMT,201701171346,68.71,68.73,68.71,68.72,6748
WMT,201701171347,68.72,68.75,68.72,68.74,4607
WMT,201701171348,68.74,68.74,68.73,68.73,7775
WMT,201701171349,68.73,68.75,68.72,68.73,14843
WMT,201701171350,68.73,68.73,68.69,68.7,16424
WMT,201701171351,68.7,68.7,68.66,68.66,6548
WMT,201701171352,68.65,68.66,68.64,68.66,5137
WMT,201701171353,68.65,68.67,68.65,68.67,5700
WMT,201701171354,68.67,68.67,68.66,68.66,6500
WMT,201701171355,68.66,68.7,68.66,68.69,13271
WMT,201701171356,68.69,68.7,68.68,68.69,5673
WMT,201701171357,68.7,68.71,68.68,68.7,33241
WMT,201701171358,68.69,68.69,68.68,68.68,23141
WMT,201701171359,68.68,68.69,68.68,68.68,13754
WMT,201701171400,68.7,68.7,68.68,68.68,7721
WMT,201701171401,68.68,68.7,68.67,68.7,18476
WMT,201701171402,68.69,68.7,68.68,68.69,7621
WMT,201701171403,68.69,68.7,68.69,68.69,9199
WMT,201701171404,68.69,68.69,68.66,68.67,11447
WMT,201701171405,68.67,68.67,68.66,68.66,14599
WMT,201701171406,68.65,68.65,68.59,68.61,19352
WMT,201701171407,68.62,68.63,68.57,68.57,12329
WMT,201701171408,68.57,68.57,68.55,68.57,7558
WMT,201701171409,68.56,68.56,68.53,68.53,8256
WMT,201701171410,68.53,68.53,68.53,68.53,5549
WMT,201701171411,68.53,68.53,68.52,68.53,5263
WMT,201701171412,68.52,68.55,68.52,68.54,10364
WMT,201701171413,68.55,68.55,68.52,68.54,7965
WMT,201701171414,68.54,68.55,68.54,68.54,11712
WMT,201701171415,68.54,68.54,68.51,68.51,9900
WMT,201701171416,68.51,68.51,68.47,68.47,13573
WMT,201701171417,68.47,68.49,68.47,68.47,10074
WMT,201701171418,68.48,68.49,68.48,68.48,4933
WMT,201701171419,68.48,68.49,68.44,68.45,16447
WMT,201701171420,68.45,68.48,68.44,68.44,11984
WMT,201701171421,68.44,68.45,68.4,68.4,6872
WMT,201701171422,68.4,68.43,68.4,68.43,5628
WMT,201701171423,68.43,68.43,68.41,68.42,7030
WMT,201701171424,68.43,68.44,68.42,68.43,14315
WMT,201701171425,68.43,68.44,68.43,68.44,2346
WMT,201701171426,68.43,68.43,68.43,68.43,1798
WMT,201701171427,68.43,68.45,68.43,68.45,14279
WMT,201701171428,68.44,68.44,68.4,68.41,16129
WMT,201701171429,68.41,68.42,68.4,68.4,3899
WMT,201701171430,68.4,68.42,68.4,68.4,11267
WMT,201701171431,68.4,68.4,68.39,68.39,12306
WMT,201701171432,68.39,68.39,68.3,68.31,26829
WMT,201701171433,68.31,68.33,68.3,68.31,17593
WMT,201701171434,68.3,68.32,68.29,68.3,18999
WMT,201701171435,68.3,68.32,68.3,68.31,15366
WMT,201701171436,68.31,68.33,68.31,68.32,22367
WMT,201701171437,68.32,68.33,68.26,68.27,31162
WMT,201701171438,68.27,68.28,68.27,68.27,7448
WMT,201701171439,68.27,68.28,68.26,68.27,15610
WMT,201701171440,68.26,68.27,68.22,68.23,26487
WMT,201701171441,68.22,68.26,68.22,68.26,13285
WMT,201701171442,68.27,68.27,68.21,68.24,19707
WMT,201701171443,68.24,68.3,68.24,68.3,8029
WMT,201701171444,68.29,68.31,68.29,68.3,13424
WMT,201701171445,68.32,68.34,68.31,68.32,24975
WMT,201701171446,68.32,68.33,68.31,68.33,14414
WMT,201701171447,68.32,68.33,68.31,68.31,8773
WMT,201701171448,68.31,68.34,68.31,68.33,13888
WMT,201701171449,68.33,68.33,68.27,68.27,16748
WMT,201701171450,68.27,68.28,68.25,68.25,10902
WMT,201701171451,68.25,68.27,68.25,68.26,14199
WMT,201701171452,68.25,68.26,68.24,68.24,7188
WMT,201701171453,68.24,68.24,68.21,68.21,13874
WMT,201701171454,68.21,68.23,68.2,68.2,13523
WMT,201701171455,68.2,68.22,68.2,68.21,19246
WMT,201701171456,68.21,68.25,68.21,68.24,14686
WMT,201701171457,68.25,68.25,68.18,68.18,59224
WMT,201701171458,68.19,68.23,68.18,68.23,11181
WMT,201701171459,68.22,68.23,68.22,68.22,4682
WMT,201701171500,68.22,68.24,68.22,68.23,18791
WMT,201701171501,68.23,68.24,68.23,68.23,10688
WMT,201701171502,68.23,68.24,68.17,68.17,38673
WMT,201701171503,68.18,68.18,68.14,68.15,27207
WMT,201701171504,68.15,68.16,68.12,68.14,21721
WMT,201701171505,68.14,68.16,68.14,68.16,31386
WMT,201701171506,68.15,68.16,68.15,68.15,8035
WMT,201701171507,68.15,68.19,68.15,68.16,38442
WMT,201701171508,68.16,68.17,68.14,68.15,21605
WMT,201701171509,68.15,68.16,68.13,68.13,36811
WMT,201701171510,68.14,68.16,68.13,68.16,57826
WMT,201701171511,68.16,68.19,68.15,68.19,33611
WMT,201701171512,68.18,68.2,68.17,68.19,28288
WMT,201701171513,68.18,68.19,68.16,68.17,23607
WMT,201701171514,68.16,68.16,68.13,68.13,14117
WMT,201701171515,68.13,68.16,68.13,68.14,20782
WMT,201701171516,68.15,68.15,68.14,68.14,20071
WMT,201701171517,68.13,68.14,68.13,68.13,8960
WMT,201701171518,68.13,68.15,68.11,68.14,25189
WMT,201701171519,68.14,68.16,68.14,68.15,6942
WMT,201701171520,68.16,68.17,68.15,68.17,17825
WMT,201701171521,68.17,68.17,68.16,68.16,17781
WMT,201701171522,68.16,68.17,68.15,68.16,41731
WMT,201701171523,68.17,68.23,68.16,68.22,35213
WMT,201701171524,68.21,68.21,68.19,68.2,13372
WMT,201701171525,68.21,68.22,68.2,68.22,13140
WMT,201701171526,68.21,68.22,68.19,68.21,30748
WMT,201701171527,68.21,68.22,68.2,68.2,18392
WMT,201701171528,68.21,68.22,68.2,68.2,12853
WMT,201701171529,68.2,68.21,68.19,68.19,11788
WMT,201701171530,68.19,68.19,68.19,68.19,7032
WMT,201701171531,68.19,68.27,68.19,68.25,51979
WMT,201701171532,68.25,68.27,68.25,68.25,24829
WMT,201701171533,68.25,68.29,68.25,68.29,48945
WMT,201701171534,68.3,68.34,68.29,68.33,42003
WMT,201701171535,68.34,68.38,68.34,68.38,62356
WMT,201701171536,68.38,68.39,68.34,68.38,56583
WMT,201701171537,68.38,68.42,68.38,68.4,35289
WMT,201701171538,68.4,68.41,68.37,68.39,29394
WMT,201701171539,68.4,68.41,68.33,68.34,58613
WMT,201701171540,68.35,68.38,68.34,68.37,58062
WMT,201701171541,68.36,68.38,68.36,68.37,14410
WMT,201701171542,68.38,68.4,68.36,68.39,30975
WMT,201701171543,68.39,68.4,68.38,68.39,14450
WMT,201701171544,68.38,68.44,68.38,68.44,22148
WMT,201701171545,68.43,68.47,68.43,68.44,68331
WMT,201701171546,68.44,68.49,68.44,68.47,32473
WMT,201701171547,68.47,68.5,68.44,68.47,46164
WMT,201701171548,68.47,68.51,68.47,68.51,22716
WMT,201701171549,68.5,68.51,68.49,68.5,27832
WMT,201701171550,68.49,68.5,68.47,68.49,46738
WMT,201701171551,68.48,68.49,68.47,68.47,37831
WMT,201701171552,68.47,68.48,68.46,68.48,49357
WMT,201701171553,68.47,68.5,68.47,68.5,45310
WMT,201701171554,68.49,68.5,68.47,68.48,45878
WMT,201701171555,68.48,68.49,68.43,68.45,88248
WMT,201701171556,68.45,68.46,68.4,68.41,56014
WMT,201701171557,68.42,68.48,68.42,68.48,40209
WMT,201701171558,68.48,68.49,68.46,68.48,83519
WMT,201701171559,68.48,68.5,68.42,68.43,200798
WMT,201701171600,68.43,68.43,68.43,68.43,100
WMT,201701171601,68.42,68.42,68.42,68.42,1764792
WMT,201701171611,68.42,68.42,68.42,68.42,100
WMT,201701171622,68.41,68.41,68.41,68.41,300
WMT,201701171636,68.42,68.42,68.42,68.42,2121
WMT,201701171649,68.5,68.5,68.5,68.5,140
