<ticker>,<date>,<open>,<high>,<low>,<close>,<vol>
BA,201612050929,152.85,152.85,152.85,152.85,100
BA,201612050930,153.23,153.29,153,153.29,2960
BA,201612050931,153.45,153.73,153.16,153.16,73308
BA,201612050932,152.93,153.04,152.78,152.95,5617
BA,201612050933,153.01,153.21,152.98,153.15,25397
BA,201612050934,153.14,153.14,152.99,153.09,5336
BA,201612050935,153.08,153.21,152.85,152.99,13064
BA,201612050936,152.92,153.04,152.85,153.03,8072
BA,201612050937,153.1,153.19,153.09,153.19,3526
BA,201612050938,153.15,153.15,153.01,153.01,5686
BA,201612050939,153.02,153.04,152.87,152.95,8105
BA,201612050940,152.97,153.15,152.97,153.14,4006
BA,201612050941,153.19,153.26,153.14,153.26,6499
BA,201612050942,153.25,153.28,153.11,153.28,4465
BA,201612050943,153.32,153.4,153.31,153.39,1869
BA,201612050944,153.36,153.42,153.28,153.39,2148
BA,201612050945,153.4,153.6,153.33,153.33,9775
BA,201612050946,153.35,153.38,153.24,153.28,4800
BA,201612050947,153.27,153.46,153.16,153.4,7463
BA,201612050948,153.47,153.47,153.21,153.29,12955
BA,201612050949,153.29,153.3,153.1,153.1,3783
BA,201612050950,153.13,153.32,153.09,153.29,5747
BA,201612050951,153.28,153.28,153.2,153.26,9850
BA,201612050952,153.28,153.34,153.25,153.34,2285
BA,201612050953,153.26,153.5,153.26,153.45,8807
BA,201612050954,153.5,153.54,153.39,153.39,8972
BA,201612050955,153.38,153.42,153.33,153.35,2200
BA,201612050956,153.33,153.4,153.28,153.36,1600
BA,201612050957,153.35,153.46,153.3,153.42,3600
BA,201612050958,153.4,153.4,153.22,153.36,3404
BA,201612050959,153.36,153.44,153.26,153.3,4500
BA,201612051000,153.31,153.41,153.28,153.3,1808
BA,201612051001,153.28,153.37,153.22,153.32,5122
BA,201612051002,153.32,153.57,153.31,153.51,17712
BA,201612051003,153.49,153.49,153.38,153.42,1650
BA,201612051004,153.43,153.5,153.43,153.5,951
BA,201612051005,153.46,153.46,153.33,153.38,2500
BA,201612051006,153.32,153.51,153.29,153.38,15323
BA,201612051007,153.47,153.5,153.4,153.46,7402
BA,201612051008,153.46,153.57,153.42,153.54,2002
BA,201612051009,153.57,153.57,153.45,153.52,2200
BA,201612051010,153.43,153.46,153.39,153.46,2049
BA,201612051011,153.44,153.49,153.31,153.35,4729
BA,201612051012,153.26,153.31,153.26,153.3,1680
BA,201612051013,153.31,153.31,153.2,153.31,35315
BA,201612051014,153.31,153.49,153.28,153.38,7636
BA,201612051015,153.34,153.46,153.3,153.45,6962
BA,201612051016,153.41,153.46,153.36,153.4,1100
BA,201612051017,153.34,153.57,153.3,153.47,13882
BA,201612051018,153.48,153.6,153.44,153.6,5004
BA,201612051019,153.52,153.53,153.47,153.47,3100
BA,201612051020,153.45,153.53,153.45,153.45,6543
BA,201612051021,153.44,153.54,153.44,153.54,300
BA,201612051022,153.54,153.57,153.45,153.53,4750
BA,201612051023,153.47,153.47,153.46,153.46,300
BA,201612051024,153.47,153.55,153.44,153.5,11776
BA,201612051025,153.5,153.6,153.49,153.6,1870
BA,201612051026,153.6,153.7,153.48,153.52,12242
BA,201612051027,153.53,153.62,153.53,153.62,1100
BA,201612051028,153.69,153.7,153.61,153.66,6950
BA,201612051029,153.7,153.72,153.64,153.69,4398
BA,201612051030,153.66,153.75,153.64,153.75,4051
BA,201612051031,153.7,153.73,153.64,153.73,3221
BA,201612051032,153.73,153.73,153.62,153.66,5254
BA,201612051033,153.64,153.64,153.55,153.64,9500
BA,201612051034,153.66,153.66,153.5,153.62,13170
BA,201612051035,153.57,153.61,153.46,153.52,10620
BA,201612051036,153.58,153.58,153.38,153.38,8072
BA,201612051037,153.39,153.41,153.26,153.41,8566
BA,201612051038,153.36,153.48,153.33,153.45,11769
BA,201612051039,153.46,153.55,153.41,153.55,8764
BA,201612051040,153.48,153.48,153.45,153.45,2100
BA,201612051041,153.46,153.49,153.15,153.44,4183
BA,201612051042,153.49,153.54,153.44,153.47,7340
BA,201612051043,153.49,153.52,153.43,153.43,3479
BA,201612051044,153.43,153.43,153.28,153.32,4100
BA,201612051045,153.32,153.39,153.3,153.36,3300
BA,201612051046,153.35,153.6,152.91,153.28,10795
BA,201612051047,153.28,153.36,153.28,153.31,1680
BA,201612051048,153.35,153.35,153.22,153.22,7525
BA,201612051049,153.25,153.28,153.2,153.28,2740
BA,201612051050,153.28,153.3,153.22,153.23,2028
BA,201612051051,153.27,153.27,153.14,153.17,1600
BA,201612051052,153.15,153.27,153.14,153.2,2700
BA,201612051053,153.23,153.32,153.16,153.32,4307
BA,201612051054,153.33,153.47,153.29,153.4,11936
BA,201612051055,153.42,153.46,153.34,153.36,12691
BA,201612051056,153.36,153.42,153.35,153.37,4849
BA,201612051057,153.41,153.43,153.36,153.36,3109
BA,201612051058,153.36,153.42,153.32,153.42,3600
BA,201612051059,153.47,153.47,153.35,153.39,4500
BA,201612051100,153.39,153.39,153.29,153.31,5300
BA,201612051101,153.3,153.3,153.25,153.3,1131
BA,201612051102,153.3,153.33,153.29,153.29,2997
BA,201612051103,153.3,153.37,153.3,153.35,4629
BA,201612051104,153.33,153.37,153.27,153.3,28550
BA,201612051105,153.25,153.31,153.2,153.2,4874
BA,201612051106,153.17,153.2,153.14,153.19,2274
BA,201612051107,153.12,153.15,153.04,153.04,8706
BA,201612051108,153.11,153.21,153.07,153.21,6454
BA,201612051109,153.2,153.28,153.2,153.28,1984
BA,201612051110,153.27,153.33,153.23,153.23,2760
BA,201612051111,153.22,153.23,153.22,153.23,200
BA,201612051112,153.17,153.3,153.13,153.3,6579
BA,201612051113,153.29,153.3,153.21,153.26,3355
BA,201612051114,153.27,153.3,153.2,153.2,3900
BA,201612051115,153.24,153.25,153.09,153.16,3921
BA,201612051116,153.15,153.16,153.09,153.14,8625
BA,201612051117,153.13,153.19,153.1,153.19,3760
BA,201612051118,153.16,153.16,153.1,153.11,2402
BA,201612051119,153.13,153.22,153.13,153.21,8325
BA,201612051120,153.21,153.29,153.21,153.25,2549
BA,201612051121,153.26,153.27,153.24,153.26,3800
BA,201612051122,153.24,153.24,153.2,153.2,1499
BA,201612051123,153.2,153.2,153.05,153.13,5515
BA,201612051124,153.16,153.21,153.16,153.21,2300
BA,201612051125,153.2,153.2,153.04,153.06,3063
BA,201612051126,153.04,153.12,153.04,153.08,3660
BA,201612051127,153.08,153.12,153.08,153.1,500
BA,201612051128,153.09,153.1,153,153.01,3220
BA,201612051129,152.96,153.01,152.96,152.98,900
BA,201612051130,152.99,153.02,152.98,152.99,2756
BA,201612051131,153.03,153.03,152.98,153.01,2455
BA,201612051132,152.97,152.98,152.94,152.96,3109
BA,201612051133,152.94,152.97,152.92,152.97,1657
BA,201612051134,152.93,152.97,152.9,152.97,6959
BA,201612051135,152.91,152.99,152.91,152.95,2200
BA,201612051136,152.97,153,152.92,152.92,2550
BA,201612051137,152.95,152.99,152.91,152.93,2250
BA,201612051138,152.93,153.06,152.93,153.06,2945
BA,201612051139,153.06,153.1,153,153.03,4630
BA,201612051140,153.02,153.02,152.94,152.94,2000
BA,201612051141,152.95,152.99,152.93,152.99,4775
BA,201612051142,152.99,153.05,152.93,152.95,10400
BA,201612051143,152.91,152.97,152.91,152.97,2888
BA,201612051144,152.97,153.06,152.97,153.02,11897
BA,201612051145,152.99,153.01,152.91,152.94,1500
BA,201612051146,152.93,152.94,152.83,152.83,2300
BA,201612051147,152.81,152.87,152.78,152.81,15401
BA,201612051148,152.81,152.86,152.81,152.81,3302
BA,201612051149,152.87,152.87,152.71,152.71,10350
BA,201612051150,152.72,152.74,152.68,152.71,3156
BA,201612051151,152.72,152.72,152.69,152.72,800
BA,201612051152,152.68,152.68,152.67,152.68,3298
BA,201612051153,152.68,152.7,152.64,152.65,2363
BA,201612051154,152.63,152.69,152.61,152.61,7000
BA,201612051155,152.63,152.69,152.6,152.6,11739
BA,201612051156,152.63,152.72,152.6,152.69,6997
BA,201612051157,152.67,152.7,152.6,152.6,4195
BA,201612051158,152.58,152.6,152.54,152.59,1586
BA,201612051159,152.62,152.64,152.54,152.58,5736
BA,201612051200,152.58,152.62,152.58,152.58,1125
BA,201612051201,152.58,152.58,152.55,152.56,3158
BA,201612051202,152.56,152.63,152.56,152.63,1299
BA,201612051203,152.63,152.63,152.58,152.61,4803
BA,201612051204,152.6,152.6,152.56,152.59,2313
BA,201612051205,152.57,152.61,152.53,152.57,3849
BA,201612051206,152.55,152.56,152.51,152.51,1700
BA,201612051207,152.55,152.55,152.55,152.55,100
BA,201612051208,152.51,152.51,152.4,152.51,16506
BA,201612051209,152.5,152.52,152.45,152.49,2417
BA,201612051210,152.47,152.5,152.45,152.5,1400
BA,201612051211,152.53,152.63,152.53,152.61,1700
BA,201612051212,152.56,152.6,152.56,152.6,2330
BA,201612051213,152.6,152.7,152.6,152.68,2255
BA,201612051214,152.67,152.67,152.64,152.64,200
BA,201612051215,152.63,152.7,152.63,152.67,2200
BA,201612051216,152.68,152.68,152.58,152.62,2868
BA,201612051217,152.65,152.65,152.65,152.65,500
BA,201612051218,152.64,152.64,152.57,152.62,3179
BA,201612051219,152.6,152.7,152.57,152.7,8738
BA,201612051220,152.7,152.71,152.65,152.65,4900
BA,201612051221,152.7,152.7,152.61,152.64,14300
BA,201612051222,152.64,152.69,152.62,152.64,17102
BA,201612051223,152.61,152.65,152.61,152.61,4904
BA,201612051224,152.58,152.68,152.58,152.67,15200
BA,201612051225,152.61,152.64,152.61,152.63,1550
BA,201612051226,152.62,152.66,152.62,152.64,1663
BA,201612051227,152.65,152.66,152.64,152.64,1450
BA,201612051228,152.65,152.67,152.61,152.65,3076
BA,201612051229,152.63,152.66,152.61,152.62,1900
BA,201612051230,152.62,152.68,152.62,152.68,1500
BA,201612051231,152.64,152.66,152.63,152.65,600
BA,201612051232,152.69,152.87,152.66,152.82,14243
BA,201612051233,152.81,152.81,152.71,152.77,6000
BA,201612051234,152.76,152.78,152.68,152.72,4536
BA,201612051235,152.74,152.74,152.62,152.63,5311
BA,201612051236,152.68,152.73,152.68,152.73,3017
BA,201612051237,152.7,152.7,152.62,152.65,3539
BA,201612051238,152.63,152.65,152.61,152.63,3100
BA,201612051239,152.62,152.66,152.59,152.65,3025
BA,201612051240,152.63,152.65,152.59,152.63,13366
BA,201612051241,152.66,152.68,152.63,152.68,1417
BA,201612051242,152.68,152.69,152.64,152.65,2860
BA,201612051243,152.65,152.68,152.61,152.61,3108
BA,201612051244,152.63,152.63,152.52,152.52,1800
BA,201612051245,152.52,152.56,152.46,152.46,6098
BA,201612051246,152.51,152.51,152.43,152.43,4472
BA,201612051247,152.47,152.53,152.45,152.53,3223
BA,201612051248,152.5,152.5,152.46,152.46,900
BA,201612051249,152.43,152.43,152.36,152.36,4278
BA,201612051250,152.38,152.39,152.36,152.37,1900
BA,201612051251,152.37,152.46,152.36,152.42,4977
BA,201612051252,152.4,152.41,152.35,152.35,2928
BA,201612051253,152.36,152.39,152.29,152.29,2661
BA,201612051254,152.29,152.31,152.25,152.26,3532
BA,201612051255,152.25,152.32,152.23,152.32,5932
BA,201612051256,152.33,152.36,152.33,152.33,2000
BA,201612051257,152.32,152.39,152.32,152.39,3093
BA,201612051258,152.38,152.4,152.37,152.37,1600
BA,201612051259,152.4,152.44,152.33,152.4,4200
BA,201612051300,152.46,152.48,152.45,152.45,1950
BA,201612051301,152.44,152.44,152.39,152.39,2200
BA,201612051302,152.42,152.44,152.39,152.43,5400
BA,201612051303,152.43,152.43,152.4,152.41,1650
BA,201612051304,152.45,152.45,152.39,152.39,2380
BA,201612051305,152.38,152.43,152.33,152.33,3400
BA,201612051306,152.38,152.38,152.3,152.32,1972
BA,201612051307,152.29,152.29,152.26,152.28,1400
BA,201612051308,152.28,152.3,152.23,152.24,5484
BA,201612051309,152.26,152.26,152.21,152.23,2000
BA,201612051310,152.21,152.23,152.17,152.19,12019
BA,201612051311,152.19,152.22,152.19,152.22,2500
BA,201612051312,152.22,152.22,152.18,152.18,2300
BA,201612051313,152.2,152.25,152.18,152.24,2203
BA,201612051314,152.26,152.26,152.24,152.24,1700
BA,201612051315,152.25,152.31,152.24,152.29,2895
BA,201612051316,152.28,152.29,152.27,152.28,1233
BA,201612051317,152.28,152.28,152.26,152.26,1766
BA,201612051318,152.26,152.27,152.23,152.23,2208
BA,201612051319,152.22,152.22,152.17,152.19,4392
BA,201612051320,152.19,152.21,152.18,152.18,2500
BA,201612051321,152.18,152.27,152.18,152.27,3500
BA,201612051322,152.27,152.28,152.27,152.28,3678
BA,201612051323,152.27,152.28,152.19,152.19,2600
BA,201612051324,152.16,152.19,152.11,152.17,5260
BA,201612051325,152.12,152.18,152.12,152.16,4221
BA,201612051326,152.15,152.17,152.11,152.15,6239
BA,201612051327,152.15,152.16,152.12,152.15,2402
BA,201612051328,152.12,152.2,152.12,152.2,4769
BA,201612051329,152.17,152.19,152.17,152.18,2358
BA,201612051330,152.18,152.23,152.17,152.23,3844
BA,201612051331,152.21,152.25,152.21,152.23,2367
BA,201612051332,152.24,152.31,152.24,152.29,2279
BA,201612051333,152.29,152.3,152.27,152.28,1652
BA,201612051334,152.27,152.3,152.25,152.25,2017
BA,201612051335,152.26,152.27,152.22,152.24,9272
BA,201612051336,152.24,152.26,152.22,152.22,4573
BA,201612051337,152.23,152.24,152.19,152.19,1335
BA,201612051338,152.19,152.19,152.13,152.18,6328
BA,201612051339,152.18,152.23,152.16,152.23,2802
BA,201612051340,152.23,152.37,152.23,152.35,4116
BA,201612051341,152.35,152.36,152.32,152.32,2550
BA,201612051342,152.32,152.33,152.31,152.33,1949
BA,201612051343,152.35,152.36,152.34,152.35,1900
BA,201612051344,152.37,152.37,152.32,152.32,2276
BA,201612051345,152.31,152.32,152.27,152.27,3334
BA,201612051346,152.29,152.34,152.29,152.34,2600
BA,201612051347,152.33,152.35,152.31,152.31,4299
BA,201612051348,152.32,152.33,152.31,152.33,900
BA,201612051349,152.33,152.33,152.24,152.24,3866
BA,201612051350,152.24,152.31,152.24,152.31,3086
BA,201612051351,152.28,152.29,152.25,152.28,2601
BA,201612051352,152.3,152.3,152.25,152.25,200
BA,201612051353,152.25,152.25,152.21,152.21,3746
BA,201612051354,152.21,152.25,152.21,152.24,3748
BA,201612051355,152.23,152.23,152.16,152.16,4181
BA,201612051356,152.16,152.17,152.14,152.15,2000
BA,201612051357,152.14,152.15,152.12,152.13,2001
BA,201612051358,152.14,152.23,152.13,152.23,5433
BA,201612051359,152.22,152.22,152.18,152.19,2100
BA,201612051400,152.19,152.2,152.12,152.12,1400
BA,201612051401,152.12,152.14,152.07,152.08,4048
BA,201612051402,152.07,152.12,152.05,152.07,2209
BA,201612051403,152.07,152.08,152.04,152.05,6000
BA,201612051404,152.06,152.11,152.05,152.05,2200
BA,201612051405,152.06,152.08,152.01,152.08,4095
BA,201612051406,152.06,152.06,152.02,152.02,3253
BA,201612051407,152.03,152.08,152.02,152.07,2900
BA,201612051408,152.07,152.08,152.04,152.07,4415
BA,201612051409,152.04,152.11,152.04,152.05,4213
BA,201612051410,152.06,152.06,151.95,151.95,8155
BA,201612051411,151.95,151.95,151.88,151.91,6870
BA,201612051412,151.88,151.95,151.88,151.92,8004
BA,201612051413,151.94,151.95,151.92,151.93,4340
BA,201612051414,151.92,151.97,151.92,151.97,3900
BA,201612051415,151.95,151.98,151.95,151.95,2537
BA,201612051416,151.94,151.94,151.9,151.91,2400
BA,201612051417,151.91,151.92,151.89,151.92,4332
BA,201612051418,151.92,151.98,151.92,151.97,1200
BA,201612051419,151.97,151.98,151.91,151.94,1600
BA,201612051420,151.93,151.97,151.92,151.96,6010
BA,201612051421,151.96,151.98,151.92,151.92,3135
BA,201612051422,151.91,151.92,151.9,151.91,2450
BA,201612051423,151.93,151.94,151.91,151.92,1192
BA,201612051424,151.93,151.95,151.93,151.94,1600
BA,201612051425,151.94,151.94,151.91,151.91,2470
BA,201612051426,151.9,151.98,151.89,151.96,6098
BA,201612051427,151.95,151.96,151.94,151.94,703
BA,201612051428,151.92,151.93,151.91,151.91,2300
BA,201612051429,151.91,151.95,151.91,151.94,4136
BA,201612051430,151.94,151.96,151.93,151.96,1471
BA,201612051431,151.96,151.96,151.9,151.92,4883
BA,201612051432,151.92,152,151.92,151.98,3676
BA,201612051433,151.96,151.97,151.91,151.91,1050
BA,201612051434,151.95,151.95,151.95,151.95,100
BA,201612051435,151.91,151.91,151.89,151.91,5046
BA,201612051436,151.88,151.95,151.87,151.95,3640
BA,201612051437,151.93,151.93,151.89,151.91,1700
BA,201612051438,151.91,151.94,151.9,151.93,4700
BA,201612051439,151.93,151.93,151.9,151.93,900
BA,201612051440,151.93,151.97,151.93,151.95,2476
BA,201612051441,151.97,151.97,151.94,151.94,500
BA,201612051442,151.93,151.97,151.93,151.97,2163
BA,201612051443,152,152,151.94,151.95,3662
BA,201612051444,151.97,152,151.94,151.98,3318
BA,201612051445,151.98,151.99,151.95,151.97,2456
BA,201612051446,151.97,152,151.97,151.97,2564
BA,201612051447,151.98,151.98,151.94,151.94,1734
BA,201612051448,151.94,151.95,151.93,151.95,2043
BA,201612051449,151.93,151.95,151.89,151.89,4830
BA,201612051450,151.9,151.9,151.87,151.89,1900
BA,201612051451,151.87,152,151.87,151.96,10612
BA,201612051452,151.96,151.96,151.9,151.9,2755
BA,201612051453,151.91,151.97,151.91,151.97,1526
BA,201612051454,151.96,151.96,151.92,151.93,2862
BA,201612051455,151.92,151.95,151.92,151.92,1208
BA,201612051456,151.93,151.93,151.88,151.88,6804
BA,201612051457,151.91,151.91,151.86,151.86,5034
BA,201612051458,151.87,151.9,151.87,151.89,2683
BA,201612051459,151.88,151.93,151.86,151.92,4383
BA,201612051500,151.93,151.94,151.9,151.9,2100
BA,201612051501,151.88,151.92,151.88,151.89,3300
BA,201612051502,151.89,151.91,151.88,151.88,3472
BA,201612051503,151.87,151.88,151.85,151.87,2210
BA,201612051504,151.88,151.9,151.87,151.89,1700
BA,201612051505,151.89,151.89,151.88,151.89,1713
BA,201612051506,151.88,151.9,151.87,151.88,2334
BA,201612051507,151.88,151.95,151.88,151.94,2000
BA,201612051508,151.95,152.06,151.94,152.05,9107
BA,201612051509,152.06,152.12,152.05,152.11,4468
BA,201612051510,152.12,152.23,152.11,152.21,7224
BA,201612051511,152.21,152.26,152.21,152.23,9157
BA,201612051512,152.22,152.26,152.2,152.22,11332
BA,201612051513,152.26,152.28,152.25,152.25,6021
BA,201612051514,152.25,152.27,152.24,152.27,3300
BA,201612051515,152.25,152.28,152.23,152.25,3834
BA,201612051516,152.24,152.24,152.21,152.23,6668
BA,201612051517,152.23,152.25,152.19,152.19,3929
BA,201612051518,152.19,152.22,152.19,152.21,3752
BA,201612051519,152.21,152.26,152.21,152.23,16510
BA,201612051520,152.23,152.25,152.22,152.25,7075
BA,201612051521,152.25,152.26,152.23,152.23,5200
BA,201612051522,152.23,152.26,152.23,152.26,6700
BA,201612051523,152.26,152.27,152.22,152.22,5613
BA,201612051524,152.23,152.23,152.15,152.15,6160
BA,201612051525,152.16,152.18,152.1,152.1,8488
BA,201612051526,152.11,152.11,152.08,152.08,4865
BA,201612051527,152.08,152.11,152.03,152.11,11225
BA,201612051528,152.11,152.13,152.1,152.1,5115
BA,201612051529,152.1,152.11,152.06,152.1,5427
BA,201612051530,152.09,152.13,152.08,152.12,4768
BA,201612051531,152.12,152.2,152.12,152.16,12975
BA,201612051532,152.16,152.16,152.14,152.14,6384
BA,201612051533,152.14,152.16,152.11,152.11,7436
BA,201612051534,152.12,152.13,152.05,152.06,8360
BA,201612051535,152.06,152.07,152.01,152.01,11847
BA,201612051536,152.02,152.06,151.99,152.06,12877
BA,201612051537,152.05,152.07,152.04,152.05,6240
BA,201612051538,152.06,152.06,151.99,152.05,7568
BA,201612051539,152.05,152.07,152.04,152.05,11866
BA,201612051540,152.05,152.12,152.05,152.12,7033
BA,201612051541,152.12,152.15,152.11,152.11,8305
BA,201612051542,152.12,152.15,152.12,152.13,7285
BA,201612051543,152.13,152.14,152.11,152.14,9799
BA,201612051544,152.14,152.2,152.13,152.18,12632
BA,201612051545,152.18,152.18,152.1,152.17,19627
BA,201612051546,152.16,152.18,152.13,152.15,9153
BA,201612051547,152.16,152.2,152.15,152.2,8309
BA,201612051548,152.21,152.22,152.12,152.12,9115
BA,201612051549,152.12,152.14,152.09,152.1,8768
BA,201612051550,152.1,152.14,152.08,152.09,13349
BA,201612051551,152.1,152.11,152.08,152.08,11965
BA,201612051552,152.08,152.1,152.07,152.07,9182
BA,201612051553,152.07,152.18,152.05,152.16,24500
BA,201612051554,152.15,152.23,152.14,152.15,31262
BA,201612051555,152.14,152.19,152.11,152.15,37203
BA,201612051556,152.16,152.19,152.14,152.18,19826
BA,201612051557,152.18,152.22,152.16,152.2,18417
BA,201612051558,152.19,152.23,152.18,152.2,27582
BA,201612051559,152.2,152.25,152.12,152.17,72837
BA,201612051600,152.16,152.16,152.16,152.16,322723
BA,201612051607,152.76,152.76,152.76,152.76,10000
BA,201612051608,152.16,152.16,152.16,152.16,10000
BA,201612051623,152.16,152.16,152.16,152.16,500
BA,201612051624,152.16,152.16,152.16,152.16,100
BA,201612051628,152.16,152.16,152.16,152.16,490
BA,201612051632,152.16,152.16,152.16,152.16,121
BA,201612051634,152.16,152.16,152.16,152.16,500
BA,201612051635,152.16,152.16,152.16,152.16,300
BA,201612051636,152.16,152.16,152.16,152.16,100
BA,201612051637,152.16,152.16,152.16,152.16,300
BA,201612051640,152.16,152.16,152.16,152.16,300
BA,201612051641,152.16,152.16,152.16,152.16,200
BA,201612051644,152.16,152.16,152.16,152.16,100
