<ticker>,<date>,<open>,<high>,<low>,<close>,<vol>
BLK,201701180930,376.16,376.76,375.63,375.71,12945
BLK,201701180931,375.72,375.82,375.1,375.11,2442
BLK,201701180932,375.61,375.71,375.61,375.71,334
BLK,201701180933,375.32,375.32,374.38,374.74,2640
BLK,201701180934,374.54,374.74,373.8,373.8,1379
BLK,201701180935,373.82,374.03,373.39,373.39,1100
BLK,201701180936,374.05,374.23,373.85,373.93,1700
BLK,201701180937,373.84,374.07,373.7,373.79,744
BLK,201701180938,374.33,374.33,374.33,374.33,100
BLK,201701180939,373.74,373.78,373.74,373.76,300
BLK,201701180940,374.32,375.15,374.32,374.6,1799
BLK,201701180941,374.56,374.56,374.56,374.56,200
BLK,201701180942,374.17,375.03,374.17,374.59,404
BLK,201701180943,374.23,374.89,374.23,374.89,217
BLK,201701180944,374.93,375.06,374.17,374.17,500
BLK,201701180945,374.54,375.45,374.46,375.45,1321
BLK,201701180946,375.08,375.57,375.08,375.57,200
BLK,201701180947,375,375.64,375,375.64,400
BLK,201701180949,375.21,375.47,375.06,375.12,1400
BLK,201701180950,375.53,375.53,375.53,375.53,100
BLK,201701180951,375.62,375.62,375.07,375.24,2200
BLK,201701180952,375.24,375.47,375.24,375.46,610
BLK,201701180954,375.38,375.38,375.26,375.26,300
BLK,201701180955,375.77,375.77,375.58,375.67,300
BLK,201701180956,375.56,375.56,375.56,375.56,100
BLK,201701180957,375.32,375.85,375.32,375.33,1100
BLK,201701180958,375.74,375.78,375.49,375.6,1100
BLK,201701180959,375.52,375.52,375.52,375.52,100
BLK,201701181000,375.87,376,375.87,376,882
BLK,201701181001,375.89,376,375.86,376,300
BLK,201701181002,375.81,376.01,375.81,376.01,803
BLK,201701181003,376.17,376.24,376.17,376.24,300
BLK,201701181005,375.98,376.31,375.98,376.31,600
BLK,201701181006,376.08,376.08,375.99,375.99,200
BLK,201701181007,376.11,376.11,375.83,375.93,2113
BLK,201701181008,375.85,376.05,375.85,376.04,2000
BLK,201701181009,376.08,376.08,376.08,376.08,500
BLK,201701181010,376.01,376.05,375.83,375.83,3137
BLK,201701181011,375.98,376,375.1,375.97,1800
BLK,201701181012,376.03,376.1,375.91,375.91,1100
BLK,201701181013,376.16,376.38,375.97,375.97,2209
BLK,201701181014,376.26,376.26,376.15,376.15,801
BLK,201701181015,375.99,376.39,375.99,376.3,1631
BLK,201701181016,376.29,376.64,376.29,376.64,600
BLK,201701181017,376.77,376.77,376.41,376.41,500
BLK,201701181018,376.67,376.77,376.61,376.61,750
BLK,201701181019,376.43,376.64,376.39,376.52,1300
BLK,201701181020,376.37,376.37,376.37,376.37,100
BLK,201701181021,376.71,376.71,376.71,376.71,100
BLK,201701181022,376.88,377.09,376.66,376.66,1155
BLK,201701181023,377.02,377.02,377.02,377.02,210
BLK,201701181024,377.04,377.04,376.78,376.78,803
BLK,201701181025,376.59,376.78,376.17,376.4,2600
BLK,201701181026,376.34,376.34,376.25,376.25,200
BLK,201701181027,376.21,376.25,376.2,376.2,800
BLK,201701181028,376.19,376.19,376.19,376.19,350
BLK,201701181029,376.19,376.33,376.19,376.33,400
BLK,201701181030,376.33,376.48,376.3,376.3,1996
BLK,201701181031,376.28,376.62,376.25,376.62,995
BLK,201701181032,376.65,376.65,376.53,376.53,300
BLK,201701181033,376.53,376.62,376.5,376.5,1501
BLK,201701181034,376.54,376.54,376.48,376.48,300
BLK,201701181035,376.6,376.72,376.48,376.48,1004
BLK,201701181036,376.62,376.62,376.62,376.62,100
BLK,201701181037,376.29,376.65,376.21,376.42,900
BLK,201701181038,376.25,376.33,376.22,376.33,1100
BLK,201701181039,376.31,376.39,376.31,376.39,596
BLK,201701181040,376.21,376.37,375.8,375.8,1200
BLK,201701181042,375.78,375.82,375.65,375.65,1001
BLK,201701181043,375.6,375.6,375.16,375.22,700
BLK,201701181044,375.2,375.44,374.78,374.78,1200
BLK,201701181045,374.92,375.21,374.77,374.77,1470
BLK,201701181046,374.84,374.89,374.83,374.83,496
BLK,201701181047,374.7,374.7,374.62,374.62,646
BLK,201701181048,374.59,374.59,374.49,374.51,499
BLK,201701181049,374.56,374.64,374.51,374.64,400
BLK,201701181050,374.51,374.77,374.5,374.77,3835
BLK,201701181051,374.8,374.97,374.79,374.79,1200
BLK,201701181052,375.27,375.66,375.27,375.66,645
BLK,201701181053,375.35,375.49,375.35,375.49,200
BLK,201701181054,375.48,375.64,375.48,375.64,401
BLK,201701181055,375.32,375.49,375.32,375.34,600
BLK,201701181056,375.31,375.31,374.99,374.99,300
BLK,201701181058,375.5,375.67,375.32,375.33,1044
BLK,201701181059,375.29,375.76,375.29,375.76,1202
BLK,201701181100,375.67,375.67,375.67,375.67,100
BLK,201701181101,375.59,375.59,375.47,375.49,1485
BLK,201701181102,375.42,375.42,375.35,375.35,600
BLK,201701181103,375.33,375.43,375.33,375.43,200
BLK,201701181104,375.37,375.37,375.37,375.37,100
BLK,201701181105,375.46,375.46,375.46,375.46,100
BLK,201701181106,375.38,375.82,375.38,375.75,1343
BLK,201701181107,375.85,375.85,375.66,375.71,800
BLK,201701181108,375.66,375.66,375.47,375.61,801
BLK,201701181109,376.01,376.16,375.95,375.95,500
BLK,201701181110,376.22,376.22,376.22,376.22,162
BLK,201701181111,376.1,376.18,376.1,376.17,400
BLK,201701181112,376.19,376.29,376.19,376.29,300
BLK,201701181113,376.19,376.22,376.17,376.22,617
BLK,201701181114,376.22,376.22,375.82,375.82,2744
BLK,201701181116,375.76,375.82,375.73,375.73,1071
BLK,201701181117,375.73,375.73,375.52,375.68,800
BLK,201701181118,375.7,375.75,375.64,375.75,1208
BLK,201701181119,375.82,376.12,375.82,376.12,650
BLK,201701181120,375.94,375.95,375.93,375.93,400
BLK,201701181121,375.79,375.79,375.79,375.79,100
BLK,201701181122,375.82,375.9,375.76,375.9,600
BLK,201701181123,375.93,376.34,375.93,376.13,1754
BLK,201701181124,376.13,376.13,375.78,375.96,1200
BLK,201701181126,375.79,375.94,375.79,375.94,300
BLK,201701181127,375.92,375.92,375.92,375.92,352
BLK,201701181128,375.9,375.9,375.66,375.66,1198
BLK,201701181129,375.37,375.61,375.37,375.61,2200
BLK,201701181130,375.75,375.75,375.75,375.75,100
BLK,201701181131,375.47,375.49,375.47,375.49,200
BLK,201701181132,375.45,375.45,375.45,375.45,100
BLK,201701181133,375.45,375.6,375.44,375.44,600
BLK,201701181134,375.76,375.76,375.32,375.32,1400
BLK,201701181136,375.1,375.29,375.1,375.29,376
BLK,201701181137,375.11,375.12,375.11,375.12,200
BLK,201701181138,375.05,375.05,374.97,374.97,698
BLK,201701181139,374.86,374.86,374.86,374.86,100
BLK,201701181141,374.99,375.17,374.91,374.95,5533
BLK,201701181142,374.87,374.87,374.82,374.82,300
BLK,201701181143,375.05,375.18,375.05,375.18,300
BLK,201701181144,375.21,375.21,375.01,375.01,200
BLK,201701181145,375.06,375.06,375.03,375.06,400
BLK,201701181146,375.19,375.19,374.92,374.92,253
BLK,201701181147,374.87,374.87,374.87,374.87,100
BLK,201701181148,374.96,375.13,374.85,375.13,540
BLK,201701181149,375.02,375.02,374.88,374.88,218
BLK,201701181151,374.87,374.87,374.69,374.82,1819
BLK,201701181152,374.85,374.94,374.85,374.87,1200
BLK,201701181154,374.75,374.75,374.75,374.75,200
BLK,201701181155,375.02,375.02,375.02,375.02,100
BLK,201701181156,374.78,374.81,374.78,374.81,400
BLK,201701181157,374.71,374.71,374.69,374.7,1000
BLK,201701181158,374.63,374.63,374.43,374.43,1100
BLK,201701181159,374.21,374.3,374.21,374.3,400
BLK,201701181200,374.05,374.16,374.05,374.16,300
BLK,201701181201,374.06,374.26,374.06,374.26,200
BLK,201701181202,374.43,374.59,374.21,374.46,3295
BLK,201701181205,374.34,374.34,374.34,374.34,100
BLK,201701181207,374.62,374.62,374.35,374.38,300
BLK,201701181208,374.63,374.63,374.63,374.63,200
BLK,201701181209,374.67,374.68,374.4,374.4,826
BLK,201701181210,374.47,374.52,374.39,374.52,300
BLK,201701181211,374.65,374.71,374.45,374.66,2119
BLK,201701181212,374.53,374.53,374.53,374.53,100
BLK,201701181214,374.53,374.53,374.53,374.53,400
BLK,201701181215,374.46,374.49,374.46,374.49,200
BLK,201701181216,374.51,374.51,374.5,374.5,200
BLK,201701181217,374.42,374.5,374.37,374.37,1300
BLK,201701181218,374.55,374.6,374.55,374.56,1097
BLK,201701181219,374.52,374.76,374.51,374.76,1000
BLK,201701181220,374.63,374.63,374.52,374.52,200
BLK,201701181221,374.51,374.63,374.51,374.57,2232
BLK,201701181222,374.57,374.57,374.57,374.57,100
BLK,201701181223,374.45,374.89,374.45,374.89,2621
BLK,201701181225,374.8,374.8,374.59,374.59,500
BLK,201701181226,374.74,374.88,374.65,374.65,700
BLK,201701181227,374.6,374.73,374.6,374.73,225
BLK,201701181228,374.59,374.91,374.59,374.81,700
BLK,201701181229,374.88,374.89,374.84,374.84,600
BLK,201701181230,374.84,375.03,374.84,375.03,611
BLK,201701181232,374.99,375.01,374.82,374.92,1574
BLK,201701181233,374.66,375.1,374.66,374.85,421
BLK,201701181234,374.91,374.91,374.91,374.91,253
BLK,201701181235,374.93,374.93,374.93,374.93,100
BLK,201701181236,374.94,375.15,374.94,375.15,1001
BLK,201701181237,375.26,375.41,375.26,375.41,400
BLK,201701181238,375.25,375.25,375.22,375.22,500
BLK,201701181239,375.16,375.16,375.14,375.16,400
BLK,201701181240,375.28,375.28,374.97,375.21,500
BLK,201701181242,375.19,375.25,375.19,375.25,700
BLK,201701181243,375.33,375.4,375.12,375.4,800
BLK,201701181244,375.44,375.44,375.15,375.26,300
BLK,201701181245,375.1,375.1,375.1,375.1,100
BLK,201701181246,375.06,375.19,375.06,375.18,500
BLK,201701181247,375.06,375.06,374.98,374.98,500
BLK,201701181248,375,375,375,375,100
BLK,201701181249,375.02,375.07,374.91,374.93,1500
BLK,201701181251,374.89,374.89,374.87,374.87,700
BLK,201701181252,374.99,374.99,374.76,374.76,300
BLK,201701181253,374.88,374.93,374.88,374.93,500
BLK,201701181254,374.94,374.95,374.94,374.94,400
BLK,201701181255,374.95,374.95,374.95,374.95,200
BLK,201701181256,374.91,375.11,374.91,375.09,1600
BLK,201701181257,375.14,375.14,375.14,375.14,100
BLK,201701181258,374.92,375.04,374.92,375.04,400
BLK,201701181259,374.92,374.92,374.92,374.92,100
BLK,201701181300,374.98,375.09,374.98,374.99,800
BLK,201701181301,374.97,374.97,374.97,374.97,100
BLK,201701181302,375,375,374.91,374.95,1900
BLK,201701181303,374.95,375.08,374.95,375.04,1700
BLK,201701181304,375.09,375.09,375.09,375.09,100
BLK,201701181305,375.03,375.03,375,375.01,1000
BLK,201701181306,375.03,375.05,375.03,375.05,200
BLK,201701181307,375.18,375.31,375.18,375.31,1295
BLK,201701181308,375.58,375.7,375.32,375.7,1100
BLK,201701181309,375.35,375.67,375.35,375.67,300
BLK,201701181310,375.42,375.42,375.31,375.32,400
BLK,201701181311,375.13,375.13,375.06,375.06,208
BLK,201701181314,375,375,375,375,100
BLK,201701181316,375,375.05,374.97,374.99,700
BLK,201701181317,374.91,374.91,374.91,374.91,300
BLK,201701181318,374.95,374.99,374.95,374.99,200
BLK,201701181319,374.99,375.03,374.98,374.98,429
BLK,201701181320,375,375.06,375,375.05,600
BLK,201701181321,374.96,374.99,374.91,374.99,400
BLK,201701181324,374.89,374.98,374.79,374.79,2460
BLK,201701181325,374.84,374.84,374.84,374.84,100
BLK,201701181326,374.87,374.87,374.8,374.8,300
BLK,201701181327,374.97,375.17,374.97,375.1,2246
BLK,201701181328,375.15,375.15,375,375.05,1205
BLK,201701181329,375.03,375.03,375.03,375.03,200
BLK,201701181330,375.03,375.15,375.03,375.13,700
BLK,201701181331,375.12,375.12,375.12,375.12,100
BLK,201701181332,375.08,375.37,375.08,375.22,700
BLK,201701181333,375.18,375.18,375.18,375.18,100
BLK,201701181334,375.13,375.28,375.13,375.28,301
BLK,201701181335,375.48,375.48,375.33,375.33,292
BLK,201701181336,375.33,375.33,375.33,375.33,100
BLK,201701181337,375.34,375.49,375.25,375.25,400
BLK,201701181338,375.37,375.46,375.37,375.37,500
BLK,201701181339,375.38,375.57,375.38,375.57,600
BLK,201701181340,375.57,375.61,375.52,375.53,1300
BLK,201701181341,375.7,375.93,375.7,375.93,1985
BLK,201701181342,375.77,375.77,375.77,375.77,100
BLK,201701181343,375.86,375.86,375.76,375.81,700
BLK,201701181344,375.86,375.91,375.75,375.75,1301
BLK,201701181345,375.75,375.77,375.75,375.77,300
BLK,201701181346,375.49,375.61,375.41,375.61,400
BLK,201701181347,375.62,375.62,375.6,375.6,200
BLK,201701181348,375.77,375.77,375.55,375.65,1000
BLK,201701181349,375.61,375.61,375.61,375.61,100
BLK,201701181350,375.81,375.82,375.81,375.82,700
BLK,201701181351,375.66,375.72,375.66,375.72,200
BLK,201701181352,375.68,375.83,375.68,375.71,700
BLK,201701181353,375.71,375.71,375.71,375.71,100
BLK,201701181354,375.78,375.78,375.78,375.78,100
BLK,201701181356,375.68,375.84,375.68,375.84,500
BLK,201701181357,375.85,375.85,375.85,375.85,100
BLK,201701181358,375.8,375.9,375.78,375.81,2610
BLK,201701181359,375.73,375.81,375.7,375.75,1600
BLK,201701181400,375.75,375.75,375.71,375.71,400
BLK,201701181401,375.86,376.04,375.73,376.02,1148
BLK,201701181402,376.07,376.07,376.07,376.07,100
BLK,201701181403,376.06,376.15,375.96,375.99,660
BLK,201701181404,375.99,375.99,375.99,375.99,600
BLK,201701181405,376.03,376.38,376,376.38,752
BLK,201701181406,376.42,376.58,376.38,376.58,1093
BLK,201701181407,376.41,376.41,376.41,376.41,100
BLK,201701181409,376.42,376.64,376.42,376.64,288
BLK,201701181410,376.49,376.49,376.41,376.41,800
BLK,201701181412,376.48,376.58,376.31,376.43,2500
BLK,201701181413,376.5,376.5,376.5,376.5,637
BLK,201701181414,376.45,376.45,376.45,376.45,100
BLK,201701181415,376.43,376.46,376.4,376.4,400
BLK,201701181416,376.56,376.65,376.56,376.65,1000
BLK,201701181417,376.62,376.62,376.47,376.47,200
BLK,201701181418,376.48,376.62,376.48,376.62,300
BLK,201701181420,376.5,376.63,376.5,376.5,600
BLK,201701181421,376.4,376.45,376.35,376.35,400
BLK,201701181422,376.27,376.38,376.24,376.37,500
BLK,201701181423,376.18,376.36,376.18,376.36,400
BLK,201701181424,376.56,376.56,376.43,376.43,478
BLK,201701181425,376.38,376.57,376.38,376.44,300
BLK,201701181427,376.45,376.45,376.37,376.37,820
BLK,201701181428,376.37,376.37,376.32,376.32,900
BLK,201701181430,376.27,376.3,376.19,376.19,400
BLK,201701181431,376.19,376.25,376.19,376.25,223
BLK,201701181433,375.99,376.02,375.99,376.02,300
BLK,201701181434,376.06,376.15,376.04,376.04,315
BLK,201701181435,376.06,376.06,376.02,376.02,400
BLK,201701181436,376.13,376.13,376.04,376.04,200
BLK,201701181437,376.1,376.19,376,376.06,1201
BLK,201701181438,376.01,376.01,376.01,376.01,100
BLK,201701181439,376.02,376.12,376.02,376.12,400
BLK,201701181440,376.04,376.04,376.04,376.04,100
BLK,201701181441,376.17,376.37,376.17,376.28,1411
BLK,201701181442,376.35,376.35,376.27,376.34,516
BLK,201701181443,376.35,376.35,376.18,376.18,5022
BLK,201701181444,376.18,376.22,375.97,376.08,1500
BLK,201701181445,376.09,376.27,376.09,376.27,587
BLK,201701181446,376.27,376.3,376.27,376.3,611
BLK,201701181447,376.28,376.28,376.21,376.21,200
BLK,201701181448,376.12,376.12,376.12,376.12,100
BLK,201701181449,376.27,376.27,376.21,376.24,330
BLK,201701181450,376.32,376.55,376.32,376.41,964
BLK,201701181451,376.4,376.76,376.4,376.76,405
BLK,201701181452,376.61,376.79,376.61,376.78,300
BLK,201701181453,376.78,376.78,376.46,376.61,3224
BLK,201701181454,376.74,376.74,376.6,376.6,700
BLK,201701181455,376.51,376.84,376.51,376.84,3147
BLK,201701181456,376.83,376.85,376.64,376.8,3776
BLK,201701181457,376.64,376.77,376.64,376.71,3339
BLK,201701181458,376.76,376.77,376.65,376.65,600
BLK,201701181459,376.66,376.76,376.65,376.65,597
BLK,201701181500,376.79,376.79,376.54,376.54,496
BLK,201701181501,376.62,376.71,376.55,376.62,1741
BLK,201701181502,376.71,376.79,376.68,376.79,651
BLK,201701181503,376.78,376.78,376.72,376.72,400
BLK,201701181504,376.72,377.02,376.72,377.02,2914
BLK,201701181506,376.95,376.96,376.91,376.91,600
BLK,201701181507,376.93,377.08,376.93,376.99,1100
BLK,201701181508,377.03,377.11,377.03,377.11,640
BLK,201701181509,376.97,377.11,376.97,377.11,410
BLK,201701181510,377.06,377.07,377.06,377.07,400
BLK,201701181511,377.03,377.15,376.97,376.97,1664
BLK,201701181513,376.99,377.02,376.99,377.02,700
BLK,201701181514,376.91,376.91,376.91,376.91,100
BLK,201701181515,376.91,376.91,376.9,376.9,400
BLK,201701181516,376.86,376.87,376.85,376.85,500
BLK,201701181517,376.87,376.9,376.85,376.85,300
BLK,201701181519,376.98,377.09,376.98,377.01,1419
BLK,201701181521,377.03,377.11,377.01,377.01,400
BLK,201701181522,377.04,377.1,377.04,377.1,500
BLK,201701181523,377.17,377.26,377.17,377.21,500
BLK,201701181524,377.15,377.25,377.15,377.15,500
BLK,201701181525,377.25,377.25,377.13,377.13,2688
BLK,201701181526,377.13,377.2,377.13,377.16,1768
BLK,201701181528,377.12,377.12,376.94,377.08,1242
BLK,201701181529,377.13,377.28,377.11,377.27,840
BLK,201701181530,377.13,377.2,377.12,377.12,500
BLK,201701181531,377.12,377.27,377.11,377.27,1912
BLK,201701181532,377.21,377.39,377.18,377.29,1506
BLK,201701181533,377.29,377.34,377.29,377.34,200
BLK,201701181534,377.34,377.47,377.34,377.4,1208
BLK,201701181535,377.36,377.64,377.36,377.42,1144
BLK,201701181536,377.44,377.56,377.44,377.51,400
BLK,201701181537,377.45,377.82,377.45,377.82,701
BLK,201701181538,377.66,377.66,377.57,377.58,481
BLK,201701181539,377.72,377.88,377.72,377.86,1652
BLK,201701181540,377.84,377.89,377.68,377.68,800
BLK,201701181541,377.78,377.78,377.7,377.78,300
BLK,201701181542,377.73,377.85,377.69,377.69,2683
BLK,201701181543,377.65,377.86,377.64,377.84,2999
BLK,201701181544,377.67,377.85,377.67,377.73,800
BLK,201701181545,377.87,378.04,377.87,378.04,904
BLK,201701181546,377.97,377.97,377.73,377.75,2307
BLK,201701181547,377.9,377.9,377.75,377.75,1203
BLK,201701181548,377.76,377.79,377.68,377.79,1881
BLK,201701181549,377.76,377.81,377.67,377.72,1300
BLK,201701181550,377.74,377.76,377.63,377.63,1020
BLK,201701181551,377.69,377.69,377.58,377.64,1487
BLK,201701181552,377.64,377.69,377.59,377.59,2809
BLK,201701181553,377.58,377.6,377.47,377.47,1400
BLK,201701181554,377.56,377.6,377.36,377.49,4195
BLK,201701181555,377.58,377.69,377.42,377.66,8456
BLK,201701181556,377.68,377.77,377.59,377.77,2100
BLK,201701181557,377.77,377.87,377.67,377.78,4080
BLK,201701181558,377.85,377.98,377.78,377.83,3624
BLK,201701181559,377.83,378.02,377.72,377.84,12156
BLK,201701181602,378,378,378,378,43884
BLK,201701181659,378,378.02,378,378.02,300
