<ticker>,<date>,<open>,<high>,<low>,<close>,<vol>
BLK,201612120922,390.93,390.93,390.93,390.93,100
BLK,201612120928,392,392,392,392,200
BLK,201612120929,393.77,393.77,393.77,393.77,100
BLK,201612120930,394.28,395.58,393.01,395.58,1100
BLK,201612120931,395.12,396.64,393.3,393.96,2100
BLK,201612120932,393.83,394.84,393.83,394.53,1300
BLK,201612120933,395.48,395.48,390.05,395,40130
BLK,201612120934,390.14,391.7,390.05,390.3,3893
BLK,201612120935,390.83,391.89,390.55,391.79,6117
BLK,201612120936,391.43,391.75,391.02,391.6,9448
BLK,201612120937,391.6,392.58,391.1,391.1,13089
BLK,201612120938,390.56,392.33,390.37,390.37,1300
BLK,201612120939,390.37,392.21,390.27,390.29,3374
BLK,201612120940,391.11,391.12,389.3,389.33,5514
BLK,201612120941,390.2,390.29,389.32,389.34,3757
BLK,201612120942,388.76,390.11,388.75,389,5375
BLK,201612120943,388.76,389.17,388.02,388.02,5801
BLK,201612120944,388.12,388.6,388.06,388.59,513
BLK,201612120945,388.6,389.61,388.01,388.62,15484
BLK,201612120946,389.39,389.64,388.64,389.03,3675
BLK,201612120947,388.76,389.39,388.65,389.08,1700
BLK,201612120948,388.5,389.85,388.24,389.03,5110
BLK,201612120949,388.69,388.78,388.23,388.23,700
BLK,201612120950,388.72,389.23,388.45,388.83,5993
BLK,201612120951,388.83,388.83,388.19,388.68,4535
BLK,201612120952,388.5,388.6,388.5,388.57,950
BLK,201612120953,388.5,388.67,388.3,388.3,800
BLK,201612120954,388.76,388.76,388.11,388.69,778
BLK,201612120955,388.76,389.05,388.52,388.83,3500
BLK,201612120956,389.18,389.25,388.33,388.33,6230
BLK,201612120957,388.45,389.01,388.35,389.01,3670
BLK,201612120958,389.02,389.02,388.26,388.64,1860
BLK,201612120959,388.64,389,388.5,388.98,1470
BLK,201612121000,388.55,388.77,388.41,388.41,5234
BLK,201612121001,388.58,389.63,388.5,389.63,2753
BLK,201612121002,388.89,389.7,388.82,388.91,4512
BLK,201612121003,388.9,389.62,388.9,389.14,2587
BLK,201612121004,389.4,389.78,389.38,389.78,4805
BLK,201612121005,389.89,389.89,388.91,388.91,9172
BLK,201612121006,388.99,388.99,388.53,388.78,3600
BLK,201612121007,388.89,389.26,388.37,388.37,5400
BLK,201612121008,388.31,388.8,388.21,388.22,7401
BLK,201612121009,388.12,388.14,387.67,388,4600
BLK,201612121010,388.28,388.3,387.68,387.68,1076
BLK,201612121011,387.93,388.26,387.9,388.24,1285
BLK,201612121012,388.25,388.61,388.25,388.47,1067
BLK,201612121013,388.27,388.3,388.27,388.3,300
BLK,201612121014,388.32,388.71,388.25,388.27,1500
BLK,201612121015,388.25,388.44,387.93,387.93,664
BLK,201612121016,388.11,388.14,387.95,387.95,700
BLK,201612121017,387.91,387.91,387.91,387.91,100
BLK,201612121018,387.91,388.31,387.91,388,2436
BLK,201612121019,387.97,388.54,387.88,388.29,8553
BLK,201612121020,388.39,388.39,388.03,388.08,4400
BLK,201612121021,388.17,388.61,388.11,388.11,4509
BLK,201612121022,388,388.16,387.69,387.82,6410
BLK,201612121023,387.85,388.09,387.65,388.09,1785
BLK,201612121024,387.76,387.76,387.76,387.76,200
BLK,201612121025,387.78,387.82,387.33,387.82,5157
BLK,201612121026,387.51,387.77,387.29,387.54,2932
BLK,201612121027,387.39,387.63,387.12,387.63,1991
BLK,201612121028,387.03,387.03,386.85,386.92,1298
BLK,201612121029,386.91,387.13,386.56,386.96,2038
BLK,201612121030,386.95,387.07,386.45,386.45,4400
BLK,201612121031,386.58,386.58,386.5,386.5,900
BLK,201612121032,386.74,387.08,386.5,386.56,3379
BLK,201612121033,387.02,387.02,386.58,386.83,2929
BLK,201612121034,386.86,386.86,386.43,386.44,1685
BLK,201612121035,386.84,386.84,386.43,386.75,2138
BLK,201612121036,386.89,386.97,386.8,386.97,3315
BLK,201612121037,387.01,387.25,386.85,386.87,13776
BLK,201612121038,386.86,386.86,386.56,386.56,1797
BLK,201612121039,387,387.38,386.77,387.05,5791
BLK,201612121040,387.09,387.11,387.09,387.09,1075
BLK,201612121041,386.85,387.24,386.81,387.01,2545
BLK,201612121042,386.96,386.96,386.42,386.42,2159
BLK,201612121043,386.45,386.45,385.5,385.81,7289
BLK,201612121044,385.81,386.16,385.34,385.34,3508
BLK,201612121045,385.44,385.63,385.35,385.37,1100
BLK,201612121046,385.35,386.04,385.26,386.04,2558
BLK,201612121047,386,386,385.68,385.87,2103
BLK,201612121048,385.66,385.75,385.66,385.68,300
BLK,201612121049,385.85,385.85,385.47,385.47,425
BLK,201612121050,385.82,385.89,385.3,385.3,2565
BLK,201612121051,385.49,385.64,385.36,385.43,2474
BLK,201612121052,385.75,385.83,385.72,385.82,500
BLK,201612121053,385.73,386.48,385.73,386.46,4297
BLK,201612121054,386.47,386.47,386.13,386.36,1758
BLK,201612121055,386.41,386.93,386.03,386.68,2801
BLK,201612121056,386.93,387.26,386.65,386.98,10644
BLK,201612121057,386.95,387.04,386.69,386.8,1400
BLK,201612121058,386.93,387.57,386.75,387.57,5068
BLK,201612121059,387.38,387.78,387.38,387.78,567
BLK,201612121100,387.9,388.3,387.9,388.3,1242
BLK,201612121101,388.29,388.65,388.27,388.35,1438
BLK,201612121102,388.56,388.79,388.56,388.79,2234
BLK,201612121103,388.74,388.86,388.62,388.76,1256
BLK,201612121104,388.99,388.99,388.83,388.84,500
BLK,201612121105,388.88,389.25,388.77,388.77,3600
BLK,201612121106,389.04,389.04,389.04,389.04,200
BLK,201612121107,389.05,389.1,389.03,389.03,500
BLK,201612121108,389.4,389.75,389.27,389.73,2008
BLK,201612121109,389.72,389.94,389.61,389.77,1922
BLK,201612121110,389.76,389.77,389.29,389.38,2154
BLK,201612121111,389.57,389.88,389.41,389.87,5352
BLK,201612121112,389.98,389.98,389.79,389.79,2177
BLK,201612121113,389.79,389.81,389.35,389.58,6000
BLK,201612121114,389.52,389.71,389.23,389.29,4042
BLK,201612121115,389.33,389.57,389.33,389.49,800
BLK,201612121116,389.42,389.52,389.37,389.42,1880
BLK,201612121117,389.52,389.52,389.42,389.48,1700
BLK,201612121118,389.5,389.68,389.32,389.32,1887
BLK,201612121119,389.42,389.44,389.15,389.28,1124
BLK,201612121120,389.35,389.5,388.96,389.17,4782
BLK,201612121121,389.4,389.47,388.88,389.04,4500
BLK,201612121122,389.1,389.1,388.69,388.69,400
BLK,201612121123,388.72,389.03,388.7,389.03,1650
BLK,201612121124,389,389,388.9,388.98,2081
BLK,201612121125,389.2,389.2,388.83,389,2372
BLK,201612121126,389.18,389.18,389.09,389.11,1237
BLK,201612121127,389.16,389.21,389,389,1900
BLK,201612121128,389.04,389.04,388.52,389.02,1511
BLK,201612121129,389,389.07,388.91,388.91,400
BLK,201612121130,389.06,389.11,389.06,389.06,1100
BLK,201612121131,389.15,389.2,388.9,388.9,8367
BLK,201612121132,389.1,389.31,389.07,389.31,700
BLK,201612121133,389.22,389.35,388.92,389,5500
BLK,201612121134,389.07,389.13,388.8,388.92,1289
BLK,201612121135,389.04,389.04,388.93,389.01,850
BLK,201612121136,389.03,389.27,389.02,389.27,400
BLK,201612121137,389.06,389.06,388.9,389.02,1430
BLK,201612121138,389.07,389.14,389.02,389.04,1329
BLK,201612121139,389.14,389.23,389.07,389.07,1642
BLK,201612121140,388.86,389.07,388.6,388.91,3358
BLK,201612121141,388.63,388.63,388.29,388.29,998
BLK,201612121142,388.43,388.46,388.32,388.44,1500
BLK,201612121143,388.49,388.7,388.49,388.68,1485
BLK,201612121144,388.63,388.69,388.63,388.69,300
BLK,201612121145,388.68,388.86,388.59,388.59,632
BLK,201612121146,388.77,388.87,388.77,388.87,435
BLK,201612121147,388.9,389.08,388.61,388.61,3408
BLK,201612121148,387.86,388.05,387.72,387.72,4100
BLK,201612121149,388.49,389.06,388.42,389.01,3868
BLK,201612121151,389.01,389.05,388.7,388.99,600
BLK,201612121152,388.79,388.97,388.53,388.97,579
BLK,201612121153,388.94,388.94,388.91,388.91,200
BLK,201612121154,388.77,389,388.7,388.7,400
BLK,201612121155,388.72,388.72,388.72,388.72,400
BLK,201612121156,388.91,388.91,388.01,388.01,1200
BLK,201612121157,388.34,388.69,388.29,388.29,1120
BLK,201612121159,388.58,388.64,388.31,388.31,400
BLK,201612121200,388.4,388.71,388.33,388.33,1575
BLK,201612121201,388.57,388.57,388.57,388.57,100
BLK,201612121202,388.4,388.81,388.4,388.69,1606
BLK,201612121203,388.56,388.56,387.97,387.97,921
BLK,201612121204,388.12,388.12,388.12,388.12,1062
BLK,201612121205,387.56,387.83,387.56,387.6,5118
BLK,201612121206,387.77,387.91,387.77,387.9,1484
BLK,201612121207,388.18,388.18,387.87,387.87,1653
BLK,201612121208,388.15,388.38,387.96,388.19,7421
BLK,201612121209,388.28,388.58,388.28,388.58,4545
BLK,201612121210,388.55,388.55,388.4,388.48,600
BLK,201612121211,388.55,388.77,388.55,388.77,765
BLK,201612121212,388.86,389.12,388.68,389.1,6412
BLK,201612121213,389.16,389.16,388.79,388.79,2289
BLK,201612121214,389.23,389.4,389,389.17,5429
BLK,201612121215,389.17,389.43,389.01,389.43,4402
BLK,201612121216,389.26,389.3,389.01,389.01,1181
BLK,201612121217,389.44,389.45,388.79,389.18,2618
BLK,201612121218,389.15,389.42,388.91,389.21,10535
BLK,201612121219,389.03,389.03,389.03,389.03,200
BLK,201612121220,389.02,389.11,389.02,389.11,2010
BLK,201612121221,389.08,389.08,388.81,388.97,863
BLK,201612121222,389.08,389.12,389,389.01,1594
BLK,201612121223,389.14,389.46,389.11,389.46,1201
BLK,201612121224,389.32,389.51,389.32,389.51,400
BLK,201612121225,389.59,389.68,389.49,389.63,2800
BLK,201612121226,389.57,389.59,389.08,389.22,6477
BLK,201612121227,389.27,389.27,389.27,389.27,300
BLK,201612121228,389.06,389.12,388.42,388.67,1122
BLK,201612121229,388.67,389.04,388.65,388.67,3200
BLK,201612121231,389.06,389.2,388.8,388.8,3371
BLK,201612121233,389.02,389.02,389,389,300
BLK,201612121234,389.01,389.16,388.97,389.15,2229
BLK,201612121235,389.43,389.43,389.24,389.24,200
BLK,201612121236,389.1,389.33,389.1,389.18,675
BLK,201612121237,389.2,389.43,389.2,389.32,800
BLK,201612121238,389.24,389.38,388.91,389.18,13501
BLK,201612121239,389.33,389.48,389.13,389.48,2900
BLK,201612121240,389.62,389.69,389.43,389.43,800
BLK,201612121241,389.21,389.56,389.14,389.56,1805
BLK,201612121242,389.33,389.57,389.33,389.57,835
BLK,201612121243,389.57,390.35,389.57,390.35,5188
BLK,201612121244,390.26,390.31,389.93,389.93,500
BLK,201612121245,390.11,390.29,390.11,390.29,887
BLK,201612121246,390.44,390.44,390.44,390.44,172
BLK,201612121247,390.62,390.91,390.62,390.91,1656
BLK,201612121248,390.9,390.9,390.9,390.9,388
BLK,201612121249,390.88,391.28,390.49,390.49,1567
BLK,201612121250,390.67,391.02,390.67,390.98,3188
BLK,201612121251,390.87,391.11,390.87,390.9,3039
BLK,201612121252,390.87,390.94,390.73,390.92,2756
BLK,201612121253,391.04,391.32,391.04,391.32,1227
BLK,201612121254,391.05,391.47,391,391.15,4814
BLK,201612121255,391.42,391.44,391.13,391.44,1900
BLK,201612121256,391.49,391.62,391.2,391.4,3444
BLK,201612121257,391.63,391.7,391.2,391.5,6690
BLK,201612121258,391.41,391.6,391.19,391.6,5822
BLK,201612121259,391.53,391.57,391.3,391.42,1300
BLK,201612121300,391.3,391.51,391.19,391.4,1300
BLK,201612121301,391.41,391.64,391.41,391.5,2038
BLK,201612121302,391.5,392,391.5,391.86,3519
BLK,201612121303,391.8,391.8,391.4,391.59,3097
BLK,201612121304,391.5,391.99,391.49,391.99,6467
BLK,201612121305,391.92,391.93,391.92,391.93,314
BLK,201612121306,391.65,391.94,391.65,391.69,639
BLK,201612121307,391.86,391.87,391.83,391.87,387
BLK,201612121308,391.87,391.9,391.71,391.71,800
BLK,201612121309,391.9,391.9,391.81,391.81,765
BLK,201612121310,391.81,392.02,391.71,392.01,2583
BLK,201612121311,391.84,392.01,391.72,392.01,2100
BLK,201612121312,392.05,392.12,392,392.12,1044
BLK,201612121313,392.16,392.31,392.05,392.31,800
BLK,201612121314,392.1,392.34,392.1,392.34,300
BLK,201612121315,392.32,392.32,392.32,392.32,100
BLK,201612121316,392.28,392.36,392.07,392.13,4801
BLK,201612121317,392.1,392.1,392.04,392.04,700
BLK,201612121318,392.13,392.22,392.13,392.22,500
BLK,201612121319,392.23,392.67,392.2,392.63,8620
BLK,201612121320,392.83,392.83,392.42,392.42,1542
BLK,201612121321,392.58,392.77,392.54,392.77,677
BLK,201612121322,392.59,392.79,392.59,392.65,1300
BLK,201612121323,392.79,392.94,392.58,392.92,4700
BLK,201612121324,392.89,393.14,392.85,393.09,1700
BLK,201612121325,392.97,393.03,392.81,392.89,5000
BLK,201612121326,392.92,392.98,392.52,392.95,6234
BLK,201612121327,392.55,392.78,392.01,392.2,23293
BLK,201612121328,392.1,392.28,391.92,391.99,4453
BLK,201612121329,391.99,392.13,391.93,391.93,5043
BLK,201612121330,391.88,391.94,391.68,391.7,3100
BLK,201612121331,391.57,391.62,391.17,391.18,4430
BLK,201612121332,391.15,391.26,390.97,391.06,4290
BLK,201612121333,390.91,391.04,390.1,391.03,7190
BLK,201612121334,390.85,391.04,390.68,390.99,5000
BLK,201612121335,390.98,390.98,390.62,390.62,5900
BLK,201612121336,390.62,390.85,390.52,390.54,3200
BLK,201612121337,390.72,390.72,390.23,390.4,6705
BLK,201612121338,390.34,390.46,389.97,390.33,6910
BLK,201612121339,390.3,390.38,390.15,390.38,1940
BLK,201612121340,390.09,390.18,389.96,390.12,622
BLK,201612121341,390.25,390.25,390.09,390.12,2960
BLK,201612121342,390.13,390.23,389.98,390.11,5300
BLK,201612121343,390.17,390.38,390.08,390.35,6752
BLK,201612121344,390.25,390.27,389.98,390.03,6326
BLK,201612121345,390.14,390.31,389.71,389.91,2776
BLK,201612121346,390.1,390.25,389.97,389.97,500
BLK,201612121347,389.96,390.2,389.7,389.7,500
BLK,201612121348,389.42,389.83,389.42,389.71,300
BLK,201612121349,389.85,389.85,389.5,389.5,1140
BLK,201612121350,389.75,389.86,389.4,389.6,2325
BLK,201612121351,389.21,389.7,389.13,389.13,471
BLK,201612121353,389.41,389.72,389.32,389.51,1624
BLK,201612121355,389.62,389.62,389.33,389.5,1129
BLK,201612121356,389.58,389.69,389.4,389.52,4941
BLK,201612121357,389.36,389.52,388.91,389.11,6400
BLK,201612121358,389.2,389.28,389.11,389.14,2300
BLK,201612121359,389.21,389.7,389.15,389.68,4705
BLK,201612121400,389.66,389.71,389.36,389.65,5162
BLK,201612121401,389.65,389.65,389.43,389.63,1000
BLK,201612121402,389.65,389.65,389.65,389.65,100
BLK,201612121403,389.59,389.93,389.4,389.93,2000
BLK,201612121404,389.91,389.98,389.42,389.79,3367
BLK,201612121405,389.75,389.8,389.63,389.63,800
BLK,201612121406,389.54,389.83,389.44,389.77,2700
BLK,201612121407,389.9,390.02,389.9,389.92,1800
BLK,201612121408,389.9,389.91,389.9,389.91,200
BLK,201612121409,389.8,390.38,389.8,390.15,7855
BLK,201612121410,390.05,390.17,389.89,389.97,2101
BLK,201612121411,389.9,389.95,389.9,389.91,600
BLK,201612121412,389.75,390.21,389.75,390.2,1600
BLK,201612121413,390.15,390.25,389.98,390.05,6310
BLK,201612121414,390.12,390.16,389.87,390,3100
BLK,201612121415,389.71,390.14,389.66,389.95,8257
BLK,201612121416,389.89,390.04,389.79,389.95,4928
BLK,201612121417,390.02,390.16,389.93,390.08,4520
BLK,201612121418,390.15,390.94,390.09,390.94,4685
BLK,201612121419,390.93,391.05,390.67,391,3455
BLK,201612121420,390.94,390.94,390.78,390.82,1200
BLK,201612121421,390.84,390.84,390.84,390.84,100
BLK,201612121422,390.84,391.16,390.75,391.15,1900
BLK,201612121423,391.29,391.38,391.28,391.38,819
BLK,201612121424,391.12,391.36,391.12,391.26,400
BLK,201612121425,391.3,391.4,391.2,391.2,1909
BLK,201612121426,391.09,391.23,390.64,390.64,1226
BLK,201612121427,390.79,390.9,390.79,390.9,1900
BLK,201612121428,391.01,391.01,390.88,390.91,729
BLK,201612121429,390.8,390.97,390.73,390.88,1285
BLK,201612121430,390.9,391.23,390.9,391.16,2500
BLK,201612121431,391.42,391.61,391.39,391.4,3829
BLK,201612121432,391.11,391.49,391.06,391.4,3935
BLK,201612121433,391.35,391.35,391.25,391.25,1900
BLK,201612121434,391.39,391.48,391.08,391.24,1863
BLK,201612121435,391.35,391.35,391.1,391.34,2244
BLK,201612121436,391.32,391.34,391.26,391.26,994
BLK,201612121437,391.29,391.55,391.28,391.36,3526
BLK,201612121438,391.37,391.59,391.04,391.06,1356
BLK,201612121439,391.12,391.16,390.44,390.57,11159
BLK,201612121440,390.31,390.74,390.31,390.41,5412
BLK,201612121441,390.39,390.44,390.26,390.32,600
BLK,201612121442,390.48,390.53,390.09,390.45,3854
BLK,201612121443,390.25,390.26,390,390.14,4465
BLK,201612121444,390.09,390.2,390.01,390.09,2569
BLK,201612121445,390.2,390.45,390,390.45,3016
BLK,201612121446,390.4,390.4,389.99,390,9770
BLK,201612121447,390,390,389.77,389.77,600
BLK,201612121448,389.86,389.86,389.81,389.81,600
BLK,201612121449,389.9,390.07,389.77,389.9,4331
BLK,201612121450,389.92,390.06,389.67,389.67,1722
BLK,201612121451,389.73,390.07,389.73,390,1300
BLK,201612121452,390.03,390.1,390.01,390.03,3774
BLK,201612121453,390.16,390.16,390.03,390.03,1245
BLK,201612121454,390.03,390.13,389.78,390.02,2763
BLK,201612121455,389.92,389.92,389.92,389.92,100
BLK,201612121456,390,390,389.71,389.72,1335
BLK,201612121457,389.74,389.94,389.59,389.94,4325
BLK,201612121458,389.98,390,389.98,389.98,700
BLK,201612121459,389.93,389.96,389.69,389.77,4202
BLK,201612121500,389.56,389.85,389.54,389.62,856
BLK,201612121501,389.5,389.5,389.5,389.5,100
BLK,201612121502,389.52,389.81,389.49,389.8,3500
BLK,201612121503,389.54,389.54,389.54,389.54,100
BLK,201612121504,389.68,389.73,389.66,389.66,700
BLK,201612121505,389.63,389.7,389.5,389.57,2951
BLK,201612121506,389.63,389.72,389.57,389.57,2492
BLK,201612121507,389.59,389.59,389.48,389.53,757
BLK,201612121508,389.6,389.76,389.6,389.76,975
BLK,201612121509,389.89,389.9,389.88,389.9,1030
BLK,201612121510,389.93,390.04,389.9,389.92,3408
BLK,201612121511,390,390.01,389.75,389.86,3711
BLK,201612121512,389.8,389.85,389.6,389.65,3800
BLK,201612121513,389.64,389.72,389.63,389.67,945
BLK,201612121514,389.73,389.94,389.67,389.94,2205
BLK,201612121515,389.93,390.08,389.83,390.08,1429
BLK,201612121516,390,390.06,389.82,389.89,2501
BLK,201612121517,389.65,389.65,389.59,389.59,200
BLK,201612121518,389.96,390.09,389.1,390.06,11119
BLK,201612121519,390.02,390.11,389.69,389.96,2038
BLK,201612121520,390,390.1,389.88,390,1396
BLK,201612121521,390.08,390.11,389.85,389.95,2650
BLK,201612121522,389.78,390.02,389.76,390.02,4100
BLK,201612121523,390.03,390.1,389.85,389.91,5302
BLK,201612121524,389.85,390.04,389.85,390.04,1205
BLK,201612121525,390,390.1,389.1,390.03,7204
BLK,201612121526,389.99,390.02,389.8,389.8,899
BLK,201612121527,389.8,389.8,389.8,389.8,200
BLK,201612121528,389.89,390.02,389.6,389.65,10226
BLK,201612121529,389.82,389.95,389.77,389.95,3828
BLK,201612121530,389.87,389.97,389.7,389.87,1984
BLK,201612121531,389.84,390,389.78,390,3159
BLK,201612121532,390.06,390.06,389.86,389.87,2533
BLK,201612121533,389.87,390.02,389.87,389.87,3394
BLK,201612121534,389.82,389.96,389.82,389.96,1080
BLK,201612121535,390.01,390.06,389.85,389.93,2295
BLK,201612121536,389.88,390.04,389.82,389.87,2963
BLK,201612121537,389.91,390.05,389.91,390.02,2609
BLK,201612121538,389.91,390.1,389.88,390,6052
BLK,201612121539,390,390.27,389.98,390.16,5883
BLK,201612121540,390.14,390.19,389.99,389.99,9830
BLK,201612121541,390,390.01,389.93,390,3427
BLK,201612121542,390.04,390.06,389.9,389.95,3074
BLK,201612121543,389.88,389.96,389.78,389.91,2129
BLK,201612121544,389.98,390,389.72,389.8,1946
BLK,201612121545,389.91,390.04,389.91,390.03,1000
BLK,201612121546,390.03,390.1,389.95,390.1,2800
BLK,201612121547,390.03,390.21,389.94,389.94,7300
BLK,201612121548,389.94,390.06,389.94,389.95,1300
BLK,201612121549,389.99,390.24,389.91,390.24,3300
BLK,201612121550,390.24,390.66,390.24,390.48,5238
BLK,201612121551,390.45,390.54,390.43,390.51,2004
BLK,201612121552,390.53,390.6,390.49,390.56,3928
BLK,201612121553,390.56,390.71,390.49,390.56,9351
BLK,201612121554,390.69,390.74,390.64,390.7,1300
BLK,201612121555,390.73,390.78,390.66,390.66,4807
BLK,201612121556,390.66,390.69,390.52,390.52,1700
BLK,201612121557,390.53,390.61,390.45,390.45,1200
BLK,201612121558,390.44,390.47,390.19,390.47,2100
BLK,201612121559,390.22,390.29,389.9,390.09,23807
BLK,201612121600,390.28,390.28,390.28,390.28,48386
BLK,201612121612,390.28,390.28,390.28,390.28,750
