<ticker>,<date>,<open>,<high>,<low>,<close>,<vol>
BRK.B,201703240919,170.12,170.15,170.11,170.15,300
BRK.B,201703240920,170.17,170.2,170.17,170.2,300
BRK.B,201703240924,170.2,170.2,170.2,170.2,232
BRK.B,201703240927,170.23,170.23,170.23,170.23,147
BRK.B,201703240928,170.23,170.23,170.23,170.23,100
BRK.B,201703240929,170.23,170.23,170.23,170.23,300
BRK.B,201703240930,170.45,170.45,170,170.13,65104
BRK.B,201703240931,170.19,170.32,170.14,170.32,1400
BRK.B,201703240932,170.38,170.38,170.17,170.19,1300
BRK.B,201703240933,170.17,170.38,170.06,170.17,9258
BRK.B,201703240934,170.23,170.36,170.1,170.22,5948
BRK.B,201703240935,170.35,170.37,170.14,170.23,8300
BRK.B,201703240936,170.18,170.37,170.07,170.13,5595
BRK.B,201703240937,170.11,170.35,170.07,170.2,12399
BRK.B,201703240938,170.19,170.2,170.09,170.1,5300
BRK.B,201703240939,170.12,170.13,170.01,170.05,5080
BRK.B,201703240940,170.05,170.09,170.01,170.01,4300
BRK.B,201703240941,170.02,170.04,169.9,169.94,9887
BRK.B,201703240942,169.91,169.91,169.82,169.87,5229
BRK.B,201703240943,169.87,169.97,169.84,169.9,4101
BRK.B,201703240944,169.92,170.03,169.88,170.03,4363
BRK.B,201703240945,170.04,170.04,169.82,169.82,4280
BRK.B,201703240946,169.79,169.82,169.75,169.8,5071
BRK.B,201703240947,169.78,169.96,169.78,169.96,4390
BRK.B,201703240948,169.98,170.1,169.95,170.05,4169
BRK.B,201703240949,170.1,170.13,170.05,170.08,2737
BRK.B,201703240950,170.1,170.11,170.02,170.06,4469
BRK.B,201703240951,170.04,170.11,169.99,170.06,4507
BRK.B,201703240952,170.06,170.16,170.03,170.15,6711
BRK.B,201703240953,170.15,170.17,170.05,170.05,4951
BRK.B,201703240954,170.07,170.07,170,170.04,3165
BRK.B,201703240955,170.04,170.1,169.93,169.93,12192
BRK.B,201703240956,169.94,169.98,169.87,169.97,7375
BRK.B,201703240957,169.96,169.99,169.92,169.95,4061
BRK.B,201703240958,169.94,170.01,169.94,170,5303
BRK.B,201703240959,170.01,170.01,169.96,169.98,2592
BRK.B,201703241000,170.01,170.07,170,170.07,1601
BRK.B,201703241001,170.07,170.07,169.99,170,3868
BRK.B,201703241002,169.98,170.14,169.98,170.1,7991
BRK.B,201703241003,170.08,170.1,170.05,170.06,2200
BRK.B,201703241004,170.05,170.06,169.95,169.95,3095
BRK.B,201703241005,169.97,170.05,169.95,170.05,5382
BRK.B,201703241006,170.07,170.15,170.07,170.09,7781
BRK.B,201703241007,170.1,170.12,169.97,169.97,5040
BRK.B,201703241008,170,170.03,169.97,169.99,7416
BRK.B,201703241009,169.97,170.01,169.91,169.93,4215
BRK.B,201703241010,169.94,169.95,169.87,169.9,4920
BRK.B,201703241011,169.89,169.91,169.86,169.86,4596
BRK.B,201703241012,169.85,169.93,169.84,169.86,4238
BRK.B,201703241013,169.87,169.93,169.86,169.93,2301
BRK.B,201703241014,169.95,169.96,169.89,169.89,1680
BRK.B,201703241015,169.91,169.96,169.86,169.96,3524
BRK.B,201703241016,169.96,169.96,169.87,169.89,4622
BRK.B,201703241017,169.87,169.9,169.83,169.83,3407
BRK.B,201703241018,169.83,169.9,169.83,169.88,4340
BRK.B,201703241019,169.95,169.97,169.85,169.85,4983
BRK.B,201703241020,169.85,169.89,169.8,169.82,5601
BRK.B,201703241021,169.8,169.8,169.76,169.79,2100
BRK.B,201703241022,169.78,169.87,169.77,169.87,3346
BRK.B,201703241023,169.86,169.9,169.86,169.87,2600
BRK.B,201703241024,169.9,169.9,169.83,169.86,2135
BRK.B,201703241025,169.82,169.83,169.79,169.83,2600
BRK.B,201703241026,169.8,169.84,169.72,169.8,7078
BRK.B,201703241027,169.74,169.83,169.74,169.78,9223
BRK.B,201703241028,169.79,169.88,169.79,169.88,4718
BRK.B,201703241029,169.86,169.91,169.83,169.83,7222
BRK.B,201703241030,169.83,169.9,169.82,169.87,10710
BRK.B,201703241031,169.84,169.84,169.81,169.84,1540
BRK.B,201703241032,169.85,169.89,169.83,169.88,5750
BRK.B,201703241033,169.87,169.94,169.85,169.87,7479
BRK.B,201703241034,169.87,169.99,169.82,169.82,11317
BRK.B,201703241035,169.81,169.85,169.79,169.84,1800
BRK.B,201703241036,169.8,169.87,169.8,169.87,2639
BRK.B,201703241037,169.85,169.94,169.85,169.93,3210
BRK.B,201703241038,169.92,169.93,169.84,169.85,1800
BRK.B,201703241039,169.85,169.88,169.81,169.81,2685
BRK.B,201703241040,169.83,169.89,169.81,169.84,2685
BRK.B,201703241041,169.85,169.85,169.8,169.82,2985
BRK.B,201703241042,169.81,169.86,169.79,169.85,2200
BRK.B,201703241043,169.83,169.83,169.78,169.83,7341
BRK.B,201703241044,169.84,169.88,169.83,169.83,3640
BRK.B,201703241045,169.81,169.85,169.8,169.81,3150
BRK.B,201703241046,169.81,169.82,169.79,169.82,2490
BRK.B,201703241047,169.81,169.83,169.8,169.82,6328
BRK.B,201703241048,169.81,169.85,169.78,169.79,8039
BRK.B,201703241049,169.79,169.8,169.71,169.72,16078
BRK.B,201703241050,169.73,169.74,169.65,169.67,5787
BRK.B,201703241051,169.66,169.69,169.63,169.68,4927
BRK.B,201703241052,169.68,169.7,169.63,169.66,8909
BRK.B,201703241053,169.66,169.7,169.66,169.7,3870
BRK.B,201703241054,169.69,169.75,169.64,169.64,15879
BRK.B,201703241055,169.66,169.73,169.66,169.69,9472
BRK.B,201703241056,169.72,169.89,169.71,169.88,9958
BRK.B,201703241057,169.89,169.92,169.89,169.92,1400
BRK.B,201703241058,169.9,169.95,169.88,169.93,7395
BRK.B,201703241059,169.91,169.91,169.85,169.86,5375
BRK.B,201703241100,169.89,169.92,169.81,169.82,1900
BRK.B,201703241101,169.76,169.83,169.76,169.82,3989
BRK.B,201703241102,169.86,169.88,169.79,169.79,2054
BRK.B,201703241103,169.76,169.83,169.76,169.83,4225
BRK.B,201703241104,169.86,169.86,169.81,169.84,4564
BRK.B,201703241105,169.83,169.95,169.83,169.95,5653
BRK.B,201703241106,169.96,169.96,169.88,169.91,2200
BRK.B,201703241107,169.91,169.98,169.88,169.88,7604
BRK.B,201703241108,169.9,169.98,169.89,169.98,17142
BRK.B,201703241109,169.99,170.07,169.97,170.05,9287
BRK.B,201703241110,170.04,170.05,170,170.03,1450
BRK.B,201703241111,170.04,170.09,170.04,170.05,7131
BRK.B,201703241112,170.07,170.15,170.07,170.12,3250
BRK.B,201703241113,170.12,170.17,170.09,170.14,6215
BRK.B,201703241114,170.1,170.13,170.07,170.12,8798
BRK.B,201703241115,170.11,170.13,170.08,170.09,5136
BRK.B,201703241116,170.07,170.12,170.07,170.11,1675
BRK.B,201703241117,170.12,170.16,170.11,170.16,7010
BRK.B,201703241118,170.15,170.18,170.14,170.15,2487
BRK.B,201703241119,170.14,170.16,170.12,170.16,8123
BRK.B,201703241120,170.15,170.16,170.13,170.16,1342
BRK.B,201703241121,170.13,170.16,170.07,170.09,15559
BRK.B,201703241122,170.09,170.09,170,170.01,2103
BRK.B,201703241123,170.02,170.04,170,170.03,5744
BRK.B,201703241124,170.04,170.1,170.04,170.08,2800
BRK.B,201703241125,170.11,170.13,170.11,170.12,500
BRK.B,201703241126,170.13,170.13,170.08,170.11,1920
BRK.B,201703241127,170.1,170.13,170.08,170.13,4355
BRK.B,201703241128,170.12,170.13,170.09,170.12,2731
BRK.B,201703241129,170.08,170.11,170.05,170.1,6476
BRK.B,201703241130,170.1,170.16,170.1,170.14,5030
BRK.B,201703241131,170.14,170.15,170.12,170.13,3598
BRK.B,201703241132,170.13,170.18,170.12,170.17,3012
BRK.B,201703241133,170.17,170.19,170.17,170.18,4854
BRK.B,201703241134,170.18,170.2,170.16,170.19,7392
BRK.B,201703241135,170.18,170.2,170.14,170.14,5200
BRK.B,201703241136,170.15,170.19,170.15,170.17,953
BRK.B,201703241137,170.18,170.19,170.16,170.16,4420
BRK.B,201703241138,170.18,170.2,170.18,170.2,1100
BRK.B,201703241139,170.21,170.21,170.17,170.2,2048
BRK.B,201703241140,170.2,170.21,170.18,170.19,829
BRK.B,201703241141,170.19,170.19,170.13,170.13,2470
BRK.B,201703241142,170.13,170.15,170.13,170.14,950
BRK.B,201703241143,170.17,170.17,170.15,170.16,700
BRK.B,201703241144,170.17,170.17,170.09,170.11,7965
BRK.B,201703241145,170.1,170.18,170.1,170.16,3783
BRK.B,201703241146,170.13,170.16,170.12,170.14,4000
BRK.B,201703241147,170.13,170.16,170.12,170.16,1656
BRK.B,201703241148,170.15,170.2,170.13,170.2,1100
BRK.B,201703241149,170.19,170.23,170.16,170.18,3874
BRK.B,201703241150,170.18,170.25,170.17,170.2,6662
BRK.B,201703241151,170.23,170.23,170.19,170.19,2072
BRK.B,201703241152,170.19,170.2,170.17,170.2,7960
BRK.B,201703241153,170.2,170.26,170.2,170.24,3502
BRK.B,201703241154,170.23,170.24,170.15,170.16,2720
BRK.B,201703241155,170.22,170.22,170.17,170.19,3315
BRK.B,201703241156,170.19,170.2,170.16,170.18,10029
BRK.B,201703241157,170.17,170.22,170.15,170.18,5765
BRK.B,201703241158,170.18,170.22,170.14,170.16,2931
BRK.B,201703241159,170.15,170.21,170.15,170.2,2599
BRK.B,201703241200,170.2,170.2,170.16,170.18,2100
BRK.B,201703241201,170.19,170.25,170.18,170.22,3305
BRK.B,201703241202,170.2,170.27,170.18,170.27,5619
BRK.B,201703241203,170.25,170.26,170.2,170.22,2581
BRK.B,201703241204,170.23,170.24,170.19,170.23,6572
BRK.B,201703241205,170.22,170.22,170.19,170.21,1300
BRK.B,201703241206,170.21,170.21,170.19,170.21,2578
BRK.B,201703241207,170.21,170.26,170.21,170.22,1772
BRK.B,201703241208,170.23,170.25,170.2,170.23,6000
BRK.B,201703241209,170.21,170.22,170.19,170.22,2409
BRK.B,201703241210,170.23,170.23,170.2,170.2,1100
BRK.B,201703241211,170.22,170.25,169.82,169.91,29305
BRK.B,201703241212,169.89,169.89,169.74,169.83,11181
BRK.B,201703241213,169.84,169.97,169.82,169.88,8092
BRK.B,201703241214,169.83,169.89,169.82,169.88,2148
BRK.B,201703241215,169.84,169.84,169.79,169.81,2615
BRK.B,201703241216,169.82,169.85,169.75,169.75,6284
BRK.B,201703241217,169.76,169.78,169.74,169.78,3500
BRK.B,201703241218,169.77,169.77,169.72,169.72,2520
BRK.B,201703241219,169.74,169.76,169.61,169.64,4793
BRK.B,201703241220,169.63,169.63,169.51,169.53,7825
BRK.B,201703241221,169.52,169.63,169.47,169.61,16829
BRK.B,201703241222,169.61,169.62,169.61,169.62,300
BRK.B,201703241223,169.62,169.67,169.62,169.65,2400
BRK.B,201703241224,169.62,169.64,169.55,169.62,5530
BRK.B,201703241225,169.6,169.6,169.53,169.6,3050
BRK.B,201703241226,169.61,169.64,169.57,169.57,4390
BRK.B,201703241227,169.61,169.65,169.59,169.65,1200
BRK.B,201703241228,169.63,169.94,169.63,169.77,9267
BRK.B,201703241229,169.78,169.8,169.7,169.77,5662
BRK.B,201703241230,169.84,169.9,169.75,169.9,4115
BRK.B,201703241231,169.74,169.74,169.73,169.73,2900
BRK.B,201703241232,169.71,169.71,169.64,169.69,5194
BRK.B,201703241233,169.69,169.73,169.65,169.73,2859
BRK.B,201703241234,169.74,169.77,169.71,169.72,2400
BRK.B,201703241235,169.7,169.71,169.68,169.71,705
BRK.B,201703241236,169.69,169.72,169.69,169.7,2651
BRK.B,201703241237,169.73,169.75,169.67,169.75,1075
BRK.B,201703241238,169.77,169.79,169.77,169.78,1227
BRK.B,201703241239,169.77,169.83,169.74,169.83,2400
BRK.B,201703241240,169.82,169.82,169.79,169.81,3470
BRK.B,201703241241,169.78,169.8,169.78,169.8,210
BRK.B,201703241242,169.77,169.88,169.76,169.87,3237
BRK.B,201703241243,169.88,169.95,169.85,169.92,13211
BRK.B,201703241244,169.92,170.05,169.91,169.99,9441
BRK.B,201703241245,170,170,169.96,169.99,1245
BRK.B,201703241246,169.99,170,169.97,169.99,6725
BRK.B,201703241247,169.99,170.03,169.91,169.98,12433
BRK.B,201703241248,170,170.03,169.96,170,3302
BRK.B,201703241249,170.02,170.05,170,170.05,6676
BRK.B,201703241250,170.03,170.05,169.98,170.03,2470
BRK.B,201703241251,170.01,170.01,169.91,169.94,3750
BRK.B,201703241252,169.95,169.96,169.73,169.88,8230
BRK.B,201703241253,169.88,169.94,169.86,169.93,10148
BRK.B,201703241254,169.92,169.93,169.85,169.87,1459
BRK.B,201703241255,169.9,169.91,169.83,169.83,2094
BRK.B,201703241256,169.81,169.81,169.74,169.76,2900
BRK.B,201703241257,169.73,169.75,169.67,169.67,3648
BRK.B,201703241258,169.68,169.74,169.66,169.68,2200
BRK.B,201703241259,169.68,169.74,169.68,169.74,4469
BRK.B,201703241300,169.74,169.89,169.74,169.89,1461
BRK.B,201703241301,169.89,169.9,169.81,169.84,2200
BRK.B,201703241302,169.81,169.82,169.72,169.72,6804
BRK.B,201703241303,169.73,169.75,169.73,169.75,700
BRK.B,201703241304,169.72,169.74,169.68,169.72,2200
BRK.B,201703241305,169.7,169.73,169.64,169.66,2521
BRK.B,201703241306,169.64,169.7,169.63,169.66,3850
BRK.B,201703241307,169.7,169.73,169.68,169.73,4864
BRK.B,201703241308,169.73,169.73,169.56,169.56,18568
BRK.B,201703241309,169.6,169.66,169.58,169.62,3174
BRK.B,201703241310,169.6,169.64,169.6,169.63,2200
BRK.B,201703241311,169.58,169.61,169.56,169.57,2300
BRK.B,201703241312,169.56,169.56,169.48,169.5,5013
BRK.B,201703241313,169.47,169.49,169.41,169.49,7421
BRK.B,201703241314,169.48,169.54,169.47,169.5,5200
BRK.B,201703241315,169.49,169.56,169.46,169.54,2760
BRK.B,201703241316,169.59,169.61,169.55,169.56,4198
BRK.B,201703241317,169.57,169.59,169.51,169.56,2884
BRK.B,201703241318,169.54,169.57,169.52,169.53,4059
BRK.B,201703241319,169.54,169.57,169.48,169.55,3732
BRK.B,201703241320,169.57,169.59,169.53,169.57,2078
BRK.B,201703241321,169.57,169.57,169.52,169.53,2850
BRK.B,201703241322,169.52,169.6,169.51,169.59,4100
BRK.B,201703241323,169.58,169.58,169.53,169.55,1638
BRK.B,201703241324,169.57,169.64,169.57,169.6,737
BRK.B,201703241325,169.58,169.66,169.58,169.65,1500
BRK.B,201703241326,169.64,169.71,169.64,169.69,2800
BRK.B,201703241327,169.65,169.67,169.62,169.65,2363
BRK.B,201703241328,169.66,169.68,169.63,169.63,3500
BRK.B,201703241329,169.64,169.64,169.61,169.63,1344
BRK.B,201703241330,169.63,169.63,169.54,169.58,8926
BRK.B,201703241331,169.61,169.62,169.6,169.62,1100
BRK.B,201703241332,169.63,169.67,169.6,169.61,2418
BRK.B,201703241333,169.61,169.62,169.59,169.59,1800
BRK.B,201703241334,169.58,169.58,169.52,169.58,4851
BRK.B,201703241335,169.6,169.6,169.48,169.48,1503
BRK.B,201703241336,169.48,169.55,169.47,169.55,5953
BRK.B,201703241337,169.55,169.58,169.5,169.5,2700
BRK.B,201703241338,169.48,169.52,169.48,169.51,5457
BRK.B,201703241339,169.52,169.54,169.48,169.5,2478
BRK.B,201703241340,169.48,169.51,169.45,169.47,3008
BRK.B,201703241341,169.46,169.5,169.44,169.5,4196
BRK.B,201703241342,169.48,169.56,169.48,169.55,1579
BRK.B,201703241343,169.57,169.58,169.54,169.54,1300
BRK.B,201703241344,169.53,169.57,169.52,169.57,3022
BRK.B,201703241345,169.58,169.64,169.56,169.6,4825
BRK.B,201703241346,169.61,169.61,169.51,169.57,7953
BRK.B,201703241347,169.55,169.58,169.52,169.55,3020
BRK.B,201703241348,169.55,169.57,169.51,169.54,5065
BRK.B,201703241349,169.52,169.54,169.52,169.53,1874
BRK.B,201703241350,169.5,169.5,169.46,169.49,4017
BRK.B,201703241351,169.48,169.48,169.42,169.44,3390
BRK.B,201703241352,169.42,169.42,169.33,169.4,7381
BRK.B,201703241353,169.41,169.41,169.36,169.36,1000
BRK.B,201703241354,169.37,169.4,169.37,169.38,1100
BRK.B,201703241355,169.36,169.36,169.28,169.31,7912
BRK.B,201703241356,169.33,169.37,169.3,169.3,3656
BRK.B,201703241357,169.28,169.29,169.17,169.18,9962
BRK.B,201703241358,169.25,169.3,169.13,169.18,8228
BRK.B,201703241359,169.17,169.22,169.11,169.18,8380
BRK.B,201703241400,169.21,169.4,169.18,169.26,11665
BRK.B,201703241401,169.27,169.27,169.19,169.22,2041
BRK.B,201703241402,169.22,169.28,169.22,169.28,1900
BRK.B,201703241403,169.29,169.29,169.23,169.24,2720
BRK.B,201703241404,169.21,169.28,169.19,169.28,1000
BRK.B,201703241405,169.24,169.3,169.24,169.29,5000
BRK.B,201703241406,169.29,169.29,169.25,169.25,4086
BRK.B,201703241407,169.24,169.28,169.23,169.23,2000
BRK.B,201703241408,169.27,169.28,169.18,169.19,14761
BRK.B,201703241409,169.15,169.18,169.14,169.14,91464
BRK.B,201703241410,169.15,169.22,169.15,169.2,3455
BRK.B,201703241411,169.22,169.22,169.17,169.18,5940
BRK.B,201703241412,169.18,169.22,169.16,169.2,3318
BRK.B,201703241413,169.23,169.24,169.2,169.23,2091
BRK.B,201703241414,169.24,169.24,169.19,169.2,1000
BRK.B,201703241415,169.19,169.2,169.16,169.19,3600
BRK.B,201703241416,169.19,169.21,169.17,169.17,2430
BRK.B,201703241417,169.16,169.24,169.15,169.21,9300
BRK.B,201703241418,169.2,169.23,169.2,169.22,750
BRK.B,201703241419,169.23,169.3,169.22,169.3,6321
BRK.B,201703241420,169.32,169.32,169.24,169.27,3600
BRK.B,201703241421,169.27,169.33,169.27,169.31,2727
BRK.B,201703241422,169.29,169.32,169.27,169.28,3200
BRK.B,201703241423,169.27,169.28,169.25,169.27,3587
BRK.B,201703241424,169.25,169.27,169.25,169.25,959
BRK.B,201703241425,169.26,169.3,169.25,169.26,2180
BRK.B,201703241426,169.3,169.3,169.22,169.23,3771
BRK.B,201703241427,169.26,169.28,169.26,169.26,1549
BRK.B,201703241428,169.25,169.25,169.19,169.21,4026
BRK.B,201703241429,169.18,169.21,169.16,169.21,2836
BRK.B,201703241430,169.19,169.23,169.17,169.21,5607
BRK.B,201703241431,169.2,169.27,169.18,169.25,2752
BRK.B,201703241432,169.25,169.27,169.21,169.24,8794
BRK.B,201703241433,169.24,169.25,169.24,169.25,1400
BRK.B,201703241434,169.28,169.28,169.23,169.25,2824
BRK.B,201703241435,169.25,169.27,169.23,169.24,2040
BRK.B,201703241436,169.23,169.24,169.18,169.19,6493
BRK.B,201703241437,169.15,169.17,169.13,169.15,2333
BRK.B,201703241438,169.16,169.16,169.1,169.13,8754
BRK.B,201703241439,169.14,169.17,169.08,169.13,10146
BRK.B,201703241440,169.1,169.12,169.03,169.04,6978
BRK.B,201703241441,169.03,169.07,169.01,169.07,2390
BRK.B,201703241442,169.07,169.11,169.07,169.11,1300
BRK.B,201703241443,169.1,169.1,169.03,169.03,2377
BRK.B,201703241444,169.02,169.04,168.97,169.02,15678
BRK.B,201703241445,169.03,169.09,169.02,169.09,3836
BRK.B,201703241446,169.08,169.08,169,169,601
BRK.B,201703241447,169.02,169.02,168.1,168.96,1066
BRK.B,201703241448,168.87,168.97,168.86,168.9,6442
BRK.B,201703241449,168.89,168.93,168.88,168.93,4025
BRK.B,201703241450,168.95,168.95,168.82,168.86,8034
BRK.B,201703241451,168.86,168.87,168.84,168.86,1533
BRK.B,201703241452,168.86,168.87,168.81,168.82,3221
BRK.B,201703241453,168.8,168.8,168.72,168.74,6607
BRK.B,201703241454,168.73,168.77,168.61,168.63,19799
BRK.B,201703241455,168.7,168.71,168.62,168.64,3983
BRK.B,201703241456,168.69,168.71,168.65,168.65,2973
BRK.B,201703241457,168.64,168.7,168.62,168.63,3446
BRK.B,201703241458,168.61,168.62,168.53,168.56,9711
BRK.B,201703241459,168.55,168.6,168.52,168.57,5046
BRK.B,201703241500,168.6,168.61,168.51,168.51,6333
BRK.B,201703241501,168.51,168.51,168.35,168.39,17234
BRK.B,201703241502,168.4,168.45,168.34,168.41,4845
BRK.B,201703241503,168.45,168.61,168.45,168.57,9313
BRK.B,201703241504,168.58,168.63,168.56,168.62,7091
BRK.B,201703241505,168.59,168.62,168.27,168.33,27100
BRK.B,201703241506,168.33,168.42,168.28,168.3,16098
BRK.B,201703241507,168.36,168.42,168.31,168.36,9390
BRK.B,201703241508,168.39,168.43,168.34,168.34,5175
BRK.B,201703241509,168.38,168.41,168.34,168.35,9161
BRK.B,201703241510,168.35,168.45,168.35,168.42,5427
BRK.B,201703241511,168.4,168.42,168.28,168.37,11001
BRK.B,201703241512,168.38,168.5,168.33,168.36,26225
BRK.B,201703241513,168.46,168.46,168.38,168.38,4555
BRK.B,201703241514,168.39,168.41,168.21,168.28,13232
BRK.B,201703241515,168.31,168.31,168.11,168.12,32582
BRK.B,201703241516,168.11,168.21,168.08,168.19,21988
BRK.B,201703241517,168.19,168.21,168.18,168.21,3956
BRK.B,201703241518,168.19,168.26,168.1,168.12,9494
BRK.B,201703241519,168.18,168.23,168.07,168.1,7222
BRK.B,201703241520,168.11,168.15,168.07,168.11,12127
BRK.B,201703241521,168.11,168.16,168.07,168.1,7544
BRK.B,201703241522,168.1,168.13,168.06,168.06,33303
BRK.B,201703241523,168.08,168.11,168.04,168.1,17036
BRK.B,201703241524,168.1,168.14,168.06,168.14,62602
BRK.B,201703241525,168.14,168.14,168.09,168.1,14388
BRK.B,201703241526,168.11,168.15,168.1,168.11,50693
BRK.B,201703241527,168.11,168.16,168.1,168.12,70104
BRK.B,201703241528,168.12,168.28,168.12,168.26,10749
BRK.B,201703241529,168.26,168.28,168.18,168.2,13348
BRK.B,201703241530,168.18,168.18,168.12,168.17,19481
BRK.B,201703241531,168.17,168.19,168.14,168.16,10655
BRK.B,201703241532,168.16,168.19,168.09,168.14,10183
BRK.B,201703241533,168.18,168.2,168.02,168.11,22098
BRK.B,201703241534,168.14,168.39,168.14,168.35,26591
BRK.B,201703241535,168.35,168.36,168.25,168.29,16399
BRK.B,201703241536,168.29,168.34,168.24,168.31,11795
BRK.B,201703241537,168.33,168.66,168.33,168.63,38575
BRK.B,201703241538,168.65,168.82,168.61,168.69,19425
BRK.B,201703241539,168.69,168.85,168.66,168.84,21047
BRK.B,201703241540,168.88,169.07,168.81,168.91,20525
BRK.B,201703241541,168.93,169.02,168.81,168.81,20494
BRK.B,201703241542,168.82,168.9,168.76,168.83,16806
BRK.B,201703241543,168.82,168.9,168.78,168.86,21842
BRK.B,201703241544,168.87,168.93,168.74,168.81,17773
BRK.B,201703241545,168.79,168.8,168.55,168.55,17811
BRK.B,201703241546,168.56,168.64,168.36,168.38,24283
BRK.B,201703241547,168.38,168.45,168.3,168.42,14613
BRK.B,201703241548,168.41,168.62,168.37,168.57,15832
BRK.B,201703241549,168.57,168.65,168.52,168.57,10631
BRK.B,201703241550,168.59,168.65,168.56,168.65,19395
BRK.B,201703241551,168.67,168.94,168.62,168.65,26095
BRK.B,201703241552,168.88,168.9,168.82,168.87,20887
BRK.B,201703241553,168.87,168.91,168.8,168.91,12314
BRK.B,201703241554,168.9,169.03,168.87,168.91,21911
BRK.B,201703241555,168.92,168.98,168.85,168.9,32145
BRK.B,201703241556,168.89,168.89,168.73,168.74,28541
BRK.B,201703241557,168.73,168.79,168.6,168.72,34499
BRK.B,201703241558,168.7,168.72,168.51,168.55,37979
BRK.B,201703241559,168.58,168.82,168.5,168.72,115145
BRK.B,201703241603,168.89,168.89,168.66,168.66,605630
BRK.B,201703241604,168.82,168.82,168.82,168.82,100
BRK.B,201703241606,168.66,168.66,168.66,168.66,8822
BRK.B,201703241607,168.66,168.66,168.66,168.66,25741
BRK.B,201703241632,168.73,168.73,168.73,168.73,100
BRK.B,201703241635,168.92,168.92,168.92,168.92,100
BRK.B,201703241638,168.66,168.66,168.66,168.66,115
BRK.B,201703241644,168.66,168.66,168.66,168.66,55200
