<ticker>,<date>,<open>,<high>,<low>,<close>,<vol>
DAL,201701270916,51,51,51,51,500
DAL,201701270925,50.97,50.97,50.97,50.97,100
DAL,201701270926,51.06,51.06,51.06,51.06,100
DAL,201701270927,50.9,50.9,50.9,50.9,1000
DAL,201701270930,50.99,51.07,50.66,50.66,134884
DAL,201701270931,50.72,50.89,50.68,50.86,8710
DAL,201701270932,50.86,50.94,50.73,50.75,15056
DAL,201701270933,50.75,50.9,50.63,50.79,42440
DAL,201701270934,50.76,51.05,50.7,51.05,69501
DAL,201701270935,51.04,51.12,50.93,51.05,89506
DAL,201701270936,51.02,51.05,50.7,50.72,12800
DAL,201701270937,50.72,50.76,50.55,50.75,66613
DAL,201701270938,50.76,50.86,50.72,50.81,34024
DAL,201701270939,50.8,50.83,50.74,50.78,37572
DAL,201701270940,50.82,51.03,50.82,51,13340
DAL,201701270941,50.98,50.98,50.78,50.83,15443
DAL,201701270942,50.81,50.82,50.76,50.8,7522
DAL,201701270943,50.79,50.87,50.79,50.87,7734
DAL,201701270944,50.88,50.94,50.79,50.83,70318
DAL,201701270945,50.78,50.8,50.74,50.76,12460
DAL,201701270946,50.78,50.82,50.75,50.8,17718
DAL,201701270947,50.8,50.86,50.69,50.75,34743
DAL,201701270948,50.75,50.75,50.63,50.63,4100
DAL,201701270949,50.64,50.72,50.6,50.64,36326
DAL,201701270950,50.65,50.67,50.57,50.64,28629
DAL,201701270951,50.64,50.77,50.63,50.71,34940
DAL,201701270952,50.68,50.68,50.63,50.64,9486
DAL,201701270953,50.64,50.83,50.63,50.8,38105
DAL,201701270954,50.8,50.88,50.74,50.87,28651
DAL,201701270955,50.84,50.84,50.73,50.78,9100
DAL,201701270956,50.79,50.8,50.65,50.68,9100
DAL,201701270957,50.68,50.74,50.66,50.66,13771
DAL,201701270958,50.66,50.74,50.63,50.74,7843
DAL,201701270959,50.73,50.77,50.67,50.68,13488
DAL,201701271000,50.66,50.72,50.65,50.68,10995
DAL,201701271001,50.68,50.76,50.65,50.76,9911
DAL,201701271002,50.76,50.79,50.72,50.73,3919
DAL,201701271003,50.73,50.81,50.73,50.76,11336
DAL,201701271004,50.76,50.86,50.75,50.85,11084
DAL,201701271005,50.86,50.89,50.81,50.84,8417
DAL,201701271006,50.85,50.97,50.85,50.94,24065
DAL,201701271007,50.92,50.96,50.89,50.95,6713
DAL,201701271008,50.96,50.98,50.91,50.92,16656
DAL,201701271009,50.9,50.96,50.9,50.9,8515
DAL,201701271010,50.9,50.91,50.87,50.87,6853
DAL,201701271011,50.85,50.95,50.85,50.95,28164
DAL,201701271012,50.95,51,50.92,50.98,16946
DAL,201701271013,50.97,51,50.93,50.94,6710
DAL,201701271014,50.93,50.93,50.9,50.9,3700
DAL,201701271015,50.9,50.9,50.78,50.8,6993
DAL,201701271016,50.79,50.8,50.72,50.73,10759
DAL,201701271017,50.74,50.77,50.7,50.73,15817
DAL,201701271018,50.73,50.75,50.69,50.75,12710
DAL,201701271019,50.74,50.75,50.67,50.75,16276
DAL,201701271020,50.76,50.76,50.68,50.7,5681
DAL,201701271021,50.71,50.71,50.65,50.71,14100
DAL,201701271022,50.69,50.71,50.67,50.7,5941
DAL,201701271023,50.71,50.75,50.71,50.73,8743
DAL,201701271024,50.73,50.77,50.71,50.77,22167
DAL,201701271025,50.74,50.74,50.7,50.7,3721
DAL,201701271026,50.7,50.75,50.7,50.75,4536
DAL,201701271027,50.73,50.73,50.69,50.72,5800
DAL,201701271028,50.71,50.72,50.67,50.72,8733
DAL,201701271029,50.71,50.71,50.66,50.67,7122
DAL,201701271030,50.67,50.7,50.66,50.66,9740
DAL,201701271031,50.66,50.69,50.63,50.68,17344
DAL,201701271032,50.67,50.72,50.65,50.65,10603
DAL,201701271033,50.63,50.7,50.63,50.67,11097
DAL,201701271034,50.63,50.67,50.59,50.63,33285
DAL,201701271035,50.64,50.7,50.62,50.68,15060
DAL,201701271036,50.67,50.7,50.66,50.67,14434
DAL,201701271037,50.67,50.69,50.65,50.65,11776
DAL,201701271038,50.65,50.73,50.63,50.68,15202
DAL,201701271039,50.67,50.7,50.65,50.67,21827
DAL,201701271040,50.67,50.7,50.64,50.69,22346
DAL,201701271041,50.68,50.68,50.65,50.65,5673
DAL,201701271042,50.66,50.7,50.65,50.7,8800
DAL,201701271043,50.7,50.7,50.67,50.68,8310
DAL,201701271044,50.68,50.7,50.67,50.67,13352
DAL,201701271045,50.69,50.72,50.68,50.69,15413
DAL,201701271046,50.69,50.72,50.69,50.71,15700
DAL,201701271047,50.71,50.71,50.67,50.67,12706
DAL,201701271048,50.66,50.68,50.59,50.59,16160
DAL,201701271049,50.59,50.63,50.58,50.6,17893
DAL,201701271050,50.6,50.6,50.56,50.58,11333
DAL,201701271051,50.59,50.6,50.56,50.59,9200
DAL,201701271052,50.58,50.64,50.56,50.6,28040
DAL,201701271053,50.61,50.66,50.6,50.62,22280
DAL,201701271054,50.62,50.64,50.6,50.63,12610
DAL,201701271055,50.62,50.63,50.61,50.61,5327
DAL,201701271056,50.61,50.63,50.58,50.58,10184
DAL,201701271057,50.58,50.59,50.56,50.56,9567
DAL,201701271058,50.55,50.58,50.53,50.55,5711
DAL,201701271059,50.55,50.57,50.55,50.56,5600
DAL,201701271100,50.56,50.61,50.54,50.6,18124
DAL,201701271101,50.6,50.65,50.6,50.63,10801
DAL,201701271102,50.63,50.71,50.63,50.69,24636
DAL,201701271103,50.68,50.71,50.67,50.69,17708
DAL,201701271104,50.7,50.7,50.66,50.67,7954
DAL,201701271105,50.67,50.67,50.63,50.64,3351
DAL,201701271106,50.64,50.65,50.63,50.65,4364
DAL,201701271107,50.65,50.66,50.63,50.64,4353
DAL,201701271108,50.64,50.73,50.63,50.71,35397
DAL,201701271109,50.69,50.7,50.67,50.7,6790
DAL,201701271110,50.68,50.78,50.68,50.77,21379
DAL,201701271111,50.77,50.77,50.73,50.74,10190
DAL,201701271112,50.74,50.74,50.71,50.71,5903
DAL,201701271113,50.72,50.75,50.71,50.71,5914
DAL,201701271114,50.7,50.73,50.7,50.73,3779
DAL,201701271115,50.73,50.75,50.7,50.7,6324
DAL,201701271116,50.71,50.72,50.68,50.69,13494
DAL,201701271117,50.69,50.7,50.67,50.67,2367
DAL,201701271118,50.67,50.68,50.66,50.68,4168
DAL,201701271119,50.69,50.72,50.69,50.72,9045
DAL,201701271120,50.72,50.72,50.7,50.71,4519
DAL,201701271121,50.7,50.7,50.68,50.69,7512
DAL,201701271122,50.68,50.71,50.67,50.71,6986
DAL,201701271123,50.7,50.74,50.68,50.68,46834
DAL,201701271124,50.68,50.68,50.65,50.66,5330
DAL,201701271125,50.65,50.65,50.64,50.65,9549
DAL,201701271126,50.64,50.67,50.64,50.66,8649
DAL,201701271127,50.66,50.66,50.64,50.64,3734
DAL,201701271128,50.64,50.65,50.62,50.63,25691
DAL,201701271129,50.62,50.63,50.6,50.62,15456
DAL,201701271130,50.62,50.63,50.6,50.6,6283
DAL,201701271131,50.6,50.6,50.51,50.54,44603
DAL,201701271132,50.53,50.54,50.51,50.53,10086
DAL,201701271133,50.52,50.52,50.49,50.5,13392
DAL,201701271134,50.49,50.5,50.48,50.48,26390
DAL,201701271135,50.45,50.49,50.45,50.47,7654
DAL,201701271136,50.47,50.5,50.45,50.45,6533
DAL,201701271137,50.45,50.47,50.43,50.47,9287
DAL,201701271138,50.46,50.49,50.45,50.47,5008
DAL,201701271139,50.47,50.49,50.46,50.47,7459
DAL,201701271140,50.46,50.49,50.46,50.46,12410
DAL,201701271141,50.46,50.49,50.46,50.49,10245
DAL,201701271142,50.49,50.52,50.49,50.51,4579
DAL,201701271143,50.52,50.52,50.47,50.47,5858
DAL,201701271144,50.48,50.48,50.46,50.48,11452
DAL,201701271145,50.48,50.52,50.48,50.52,5764
DAL,201701271146,50.52,50.52,50.47,50.47,4386
DAL,201701271147,50.46,50.48,50.46,50.47,4261
DAL,201701271148,50.46,50.52,50.46,50.51,7028
DAL,201701271149,50.51,50.56,50.51,50.53,18947
DAL,201701271150,50.55,50.55,50.53,50.55,7899
DAL,201701271151,50.53,50.54,50.53,50.53,4281
DAL,201701271152,50.53,50.54,50.52,50.53,2909
DAL,201701271153,50.54,50.55,50.51,50.51,3994
DAL,201701271154,50.51,50.51,50.5,50.5,2631
DAL,201701271155,50.5,50.52,50.5,50.5,4553
DAL,201701271156,50.49,50.49,50.47,50.49,4440
DAL,201701271157,50.49,50.49,50.45,50.47,7590
DAL,201701271158,50.47,50.51,50.46,50.49,6230
DAL,201701271159,50.51,50.51,50.47,50.49,5500
DAL,201701271200,50.5,50.53,50.49,50.53,2619
DAL,201701271201,50.52,50.52,50.45,50.45,4228
DAL,201701271202,50.46,50.49,50.46,50.49,7814
DAL,201701271203,50.49,50.5,50.46,50.5,5110
DAL,201701271204,50.5,50.57,50.5,50.53,7414
DAL,201701271205,50.53,50.53,50.48,50.48,7100
DAL,201701271206,50.49,50.53,50.48,50.53,1800
DAL,201701271207,50.52,50.52,50.48,50.48,8044
DAL,201701271208,50.49,50.53,50.49,50.5,3979
DAL,201701271209,50.5,50.5,50.48,50.48,2300
DAL,201701271210,50.48,50.52,50.48,50.5,5550
DAL,201701271211,50.49,50.51,50.49,50.51,2148
DAL,201701271212,50.51,50.51,50.5,50.5,2829
DAL,201701271213,50.49,50.51,50.49,50.51,4704
DAL,201701271214,50.51,50.53,50.49,50.5,4280
DAL,201701271215,50.5,50.52,50.49,50.52,2915
DAL,201701271216,50.52,50.52,50.49,50.5,4450
DAL,201701271217,50.5,50.51,50.49,50.5,3536
DAL,201701271218,50.5,50.5,50.46,50.47,3100
DAL,201701271219,50.48,50.48,50.47,50.47,1094
DAL,201701271220,50.47,50.49,50.45,50.49,8110
DAL,201701271221,50.48,50.52,50.47,50.49,5053
DAL,201701271222,50.49,50.5,50.46,50.5,6002
DAL,201701271223,50.45,50.47,50.45,50.46,4325
DAL,201701271224,50.46,50.46,50.44,50.45,2900
DAL,201701271225,50.44,50.48,50.43,50.48,5475
DAL,201701271226,50.48,50.48,50.43,50.45,5817
DAL,201701271227,50.45,50.45,50.43,50.44,2030
DAL,201701271228,50.44,50.48,50.43,50.46,7392
DAL,201701271229,50.45,50.45,50.4,50.4,7249
DAL,201701271230,50.39,50.39,50.35,50.39,13235
DAL,201701271231,50.39,50.39,50.32,50.33,8095
DAL,201701271232,50.33,50.35,50.33,50.33,6429
DAL,201701271233,50.33,50.38,50.33,50.35,9413
DAL,201701271234,50.35,50.37,50.34,50.34,4937
DAL,201701271235,50.34,50.37,50.33,50.35,6776
DAL,201701271236,50.36,50.37,50.32,50.32,6423
DAL,201701271237,50.32,50.32,50.3,50.3,1900
DAL,201701271238,50.3,50.3,50.28,50.29,7700
DAL,201701271239,50.28,50.29,50.28,50.29,2500
DAL,201701271240,50.29,50.31,50.27,50.27,6972
DAL,201701271241,50.28,50.3,50.23,50.25,12034
DAL,201701271242,50.25,50.26,50.22,50.25,10956
DAL,201701271243,50.25,50.26,50.24,50.25,26488
DAL,201701271244,50.25,50.25,50.22,50.24,5900
DAL,201701271245,50.23,50.28,50.21,50.28,6328
DAL,201701271246,50.28,50.29,50.26,50.27,4686
DAL,201701271247,50.28,50.3,50.28,50.29,7402
DAL,201701271248,50.29,50.33,50.29,50.32,4037
DAL,201701271249,50.33,50.33,50.27,50.27,31713
DAL,201701271250,50.27,50.29,50.26,50.29,5102
DAL,201701271251,50.28,50.29,50.28,50.28,6451
DAL,201701271252,50.28,50.28,50.26,50.26,2000
DAL,201701271253,50.27,50.29,50.25,50.25,9900
DAL,201701271254,50.27,50.27,50.21,50.21,35954
DAL,201701271255,50.22,50.23,50.18,50.19,38925
DAL,201701271256,50.2,50.21,50.2,50.2,3859
DAL,201701271257,50.19,50.22,50.19,50.19,5789
DAL,201701271258,50.19,50.2,50.19,50.19,3900
DAL,201701271259,50.21,50.23,50.21,50.22,3160
DAL,201701271300,50.21,50.23,50.21,50.23,3319
DAL,201701271301,50.22,50.25,50.22,50.25,5659
DAL,201701271302,50.25,50.25,50.22,50.23,7797
DAL,201701271303,50.23,50.23,50.21,50.21,2843
DAL,201701271304,50.22,50.24,50.21,50.22,6235
DAL,201701271305,50.22,50.23,50.2,50.22,7520
DAL,201701271306,50.22,50.23,50.2,50.2,1608
DAL,201701271307,50.2,50.21,50.2,50.2,3684
DAL,201701271308,50.2,50.2,50.13,50.15,18581
DAL,201701271309,50.15,50.17,50.15,50.17,5361
DAL,201701271310,50.16,50.16,50.15,50.16,2094
DAL,201701271311,50.15,50.15,50.09,50.11,9230
DAL,201701271312,50.1,50.12,50.08,50.12,4550
DAL,201701271313,50.13,50.13,50.09,50.09,4991
DAL,201701271314,50.09,50.11,50.07,50.1,9366
DAL,201701271315,50.1,50.13,50.1,50.1,7741
DAL,201701271316,50.09,50.09,50.03,50.03,11383
DAL,201701271317,50.04,50.09,50.04,50.08,8389
DAL,201701271318,50.07,50.09,50.07,50.08,1917
DAL,201701271319,50.08,50.09,50.07,50.09,3500
DAL,201701271320,50.09,50.11,50.07,50.1,10742
DAL,201701271321,50.1,50.13,50.1,50.11,3486
DAL,201701271322,50.11,50.11,50.1,50.1,2100
DAL,201701271323,50.11,50.11,50.07,50.07,3902
DAL,201701271324,50.08,50.09,50.08,50.08,2718
DAL,201701271325,50.08,50.08,49.99,50.03,60807
DAL,201701271326,50.03,50.03,50.01,50.03,11400
DAL,201701271327,50.03,50.04,50.02,50.02,6793
DAL,201701271328,50.01,50.04,50.01,50.04,4600
DAL,201701271329,50.04,50.04,50.01,50.03,8160
DAL,201701271330,50.04,50.05,50.02,50.02,4947
DAL,201701271331,50.02,50.03,50.01,50.01,2400
DAL,201701271332,50.02,50.04,50.01,50.03,6500
DAL,201701271333,50.03,50.03,49.96,49.96,30717
DAL,201701271334,49.97,50,49.97,49.99,10405
DAL,201701271335,49.99,49.99,49.97,49.98,1907
DAL,201701271336,49.97,49.98,49.95,49.98,6985
DAL,201701271337,49.98,50.02,49.96,50.01,5054
DAL,201701271338,50.02,50.08,50.02,50.06,10524
DAL,201701271339,50.05,50.16,50.05,50.16,20597
DAL,201701271340,50.17,50.18,50.13,50.18,13712
DAL,201701271341,50.18,50.21,50.17,50.19,16028
DAL,201701271342,50.17,50.22,50.17,50.18,13500
DAL,201701271343,50.22,50.23,50.17,50.17,16930
DAL,201701271344,50.17,50.22,50.16,50.22,14632
DAL,201701271345,50.22,50.26,50.22,50.23,9638
DAL,201701271346,50.23,50.23,50.2,50.2,12423
DAL,201701271347,50.2,50.22,50.19,50.2,7817
DAL,201701271348,50.2,50.21,50.19,50.2,10771
DAL,201701271349,50.2,50.21,50.19,50.2,5338
DAL,201701271350,50.2,50.2,50.19,50.2,9566
DAL,201701271351,50.2,50.2,50.14,50.15,41330
DAL,201701271352,50.14,50.14,50.08,50.08,9334
DAL,201701271353,50.09,50.14,50.09,50.14,8573
DAL,201701271354,50.13,50.13,50.08,50.11,7690
DAL,201701271355,50.11,50.13,50.11,50.11,6591
DAL,201701271356,50.1,50.11,50.07,50.09,1500
DAL,201701271357,50.08,50.08,50.06,50.08,4503
DAL,201701271358,50.08,50.12,50.07,50.08,4598
DAL,201701271359,50.08,50.1,50.08,50.09,1300
DAL,201701271400,50.09,50.12,50.07,50.12,9023
DAL,201701271401,50.12,50.13,50.08,50.08,13080
DAL,201701271402,50.08,50.11,50.08,50.09,9391
DAL,201701271403,50.08,50.1,50.05,50.05,11668
DAL,201701271404,50.05,50.08,50.05,50.07,7364
DAL,201701271405,50.07,50.07,50.04,50.04,3648
DAL,201701271406,50.04,50.04,50.02,50.04,6400
DAL,201701271407,50.04,50.04,50.02,50.02,1718
DAL,201701271408,50.02,50.1,50.02,50.09,5475
DAL,201701271409,50.09,50.09,50.05,50.08,5361
DAL,201701271410,50.09,50.1,50.08,50.09,4176
DAL,201701271411,50.09,50.09,50.06,50.06,4376
DAL,201701271412,50.06,50.07,50.03,50.03,1422
DAL,201701271413,50.04,50.09,50.03,50.08,9320
DAL,201701271414,50.08,50.08,50.04,50.04,2400
DAL,201701271415,50.04,50.04,50.02,50.02,4222
DAL,201701271416,50.02,50.04,49.99,49.99,10386
DAL,201701271417,49.99,50.03,49.97,50.03,24280
DAL,201701271418,50.03,50.04,50.02,50.02,4019
DAL,201701271419,50.03,50.03,50.02,50.03,1587
DAL,201701271420,50.03,50.05,50.03,50.03,9745
DAL,201701271421,50.03,50.07,50.02,50.06,8727
DAL,201701271422,50.06,50.08,50.04,50.06,7979
DAL,201701271423,50.06,50.08,50.04,50.07,3018
DAL,201701271424,50.08,50.09,50.07,50.08,3501
DAL,201701271425,50.08,50.12,50.08,50.08,10672
DAL,201701271426,50.09,50.1,50.08,50.09,28200
DAL,201701271427,50.1,50.11,50.09,50.1,3782
DAL,201701271428,50.09,50.09,50.05,50.05,10194
DAL,201701271429,50.06,50.1,50.06,50.1,4636
DAL,201701271430,50.09,50.1,50.01,50.01,69377
DAL,201701271431,50.02,50.02,49.98,49.98,13515
DAL,201701271432,49.99,50,49.96,49.96,5147
DAL,201701271433,49.97,50.01,49.95,49.95,17257
DAL,201701271434,49.96,49.98,49.96,49.97,3001
DAL,201701271435,49.98,49.99,49.1,49.98,8185
DAL,201701271436,49.98,49.99,49.94,49.95,10997
DAL,201701271437,49.94,49.96,49.91,49.93,13117
DAL,201701271438,49.93,49.95,49.93,49.94,6300
DAL,201701271439,49.95,49.97,49.93,49.94,5797
DAL,201701271440,49.94,50,49.1,49.99,35267
DAL,201701271441,50,50.01,49.96,49.99,26783
DAL,201701271442,49.97,49.99,49.97,49.97,6160
DAL,201701271443,49.98,49.99,49.95,49.95,8928
DAL,201701271444,49.94,49.95,49.94,49.95,9901
DAL,201701271445,49.94,49.95,49.9,49.92,14987
DAL,201701271446,49.92,49.94,49.9,49.9,15275
DAL,201701271447,49.9,49.92,49.86,49.89,19480
DAL,201701271448,49.89,49.91,49.85,49.86,7800
DAL,201701271449,49.86,49.9,49.86,49.89,10722
DAL,201701271450,49.89,49.9,49.89,49.89,6541
DAL,201701271451,49.88,49.89,49.85,49.86,10114
DAL,201701271452,49.85,49.88,49.85,49.87,4600
DAL,201701271453,49.87,49.89,49.86,49.87,8972
DAL,201701271454,49.87,49.9,49.87,49.9,8495
DAL,201701271455,49.9,49.93,49.9,49.92,10156
DAL,201701271456,49.92,49.94,49.92,49.93,7945
DAL,201701271457,49.92,49.93,49.9,49.9,9502
DAL,201701271458,49.9,49.9,49.89,49.9,7866
DAL,201701271459,49.9,49.91,49.89,49.91,6080
DAL,201701271500,49.91,49.91,49.86,49.89,10688
DAL,201701271501,49.89,49.92,49.89,49.92,3282
DAL,201701271502,49.92,49.92,49.87,49.88,9278
DAL,201701271503,49.88,49.91,49.86,49.86,17992
DAL,201701271504,49.86,49.89,49.85,49.87,10895
DAL,201701271505,49.87,49.88,49.87,49.87,8658
DAL,201701271506,49.87,49.89,49.87,49.88,9442
DAL,201701271507,49.88,49.89,49.87,49.88,8700
DAL,201701271508,49.88,49.9,49.88,49.89,7839
DAL,201701271509,49.89,49.9,49.87,49.89,9512
DAL,201701271510,49.89,49.89,49.86,49.86,5953
DAL,201701271511,49.86,49.9,49.86,49.88,10891
DAL,201701271512,49.88,49.89,49.86,49.89,10522
DAL,201701271513,49.89,49.9,49.88,49.88,3970
DAL,201701271514,49.89,49.89,49.83,49.83,24823
DAL,201701271515,49.83,49.87,49.83,49.86,12823
DAL,201701271516,49.87,49.9,49.87,49.89,5353
DAL,201701271517,49.9,49.9,49.88,49.89,6859
DAL,201701271518,49.89,49.9,49.86,49.87,39487
DAL,201701271519,49.87,49.87,49.83,49.85,32191
DAL,201701271520,49.84,49.85,49.83,49.84,13016
DAL,201701271521,49.84,49.84,49.77,49.81,40842
DAL,201701271522,49.82,49.83,49.81,49.83,8818
DAL,201701271523,49.83,49.83,49.82,49.83,13348
DAL,201701271524,49.83,49.83,49.77,49.77,18291
DAL,201701271525,49.77,49.78,49.75,49.75,19870
DAL,201701271526,49.75,49.76,49.73,49.76,26211
DAL,201701271527,49.76,49.79,49.72,49.73,23685
DAL,201701271528,49.72,49.76,49.71,49.72,58560
DAL,201701271529,49.72,49.72,49.57,49.63,100703
DAL,201701271530,49.64,49.73,49.64,49.72,29546
DAL,201701271531,49.71,49.73,49.7,49.71,37984
DAL,201701271532,49.72,49.72,49.68,49.68,48604
DAL,201701271533,49.68,49.69,49.63,49.68,43658
DAL,201701271534,49.68,49.79,49.68,49.78,78892
DAL,201701271535,49.79,49.8,49.77,49.8,38438
DAL,201701271536,49.8,49.85,49.8,49.83,45850
DAL,201701271537,49.83,49.84,49.81,49.81,30970
DAL,201701271538,49.81,49.83,49.8,49.81,45911
DAL,201701271539,49.82,49.84,49.81,49.83,37838
DAL,201701271540,49.83,49.84,49.76,49.77,46754
DAL,201701271541,49.76,49.77,49.73,49.73,32401
DAL,201701271542,49.74,49.76,49.72,49.73,31950
DAL,201701271543,49.72,49.75,49.71,49.75,32831
DAL,201701271544,49.75,49.75,49.69,49.72,35758
DAL,201701271545,49.71,49.73,49.7,49.72,55049
DAL,201701271546,49.72,49.74,49.71,49.72,37003
DAL,201701271547,49.72,49.73,49.68,49.68,36957
DAL,201701271548,49.68,49.7,49.68,49.68,40491
DAL,201701271549,49.69,49.77,49.68,49.75,50516
DAL,201701271550,49.76,49.78,49.74,49.74,61240
DAL,201701271551,49.74,49.75,49.71,49.71,34747
DAL,201701271552,49.71,49.72,49.66,49.66,57344
DAL,201701271553,49.67,49.69,49.66,49.69,96620
DAL,201701271554,49.68,49.68,49.66,49.68,83438
DAL,201701271555,49.69,49.72,49.67,49.69,92154
DAL,201701271556,49.71,49.71,49.68,49.7,60906
DAL,201701271557,49.69,49.7,49.66,49.66,51024
DAL,201701271558,49.66,49.69,49.65,49.68,93256
DAL,201701271559,49.68,49.71,49.65,49.71,162114
DAL,201701271600,49.7,49.7,49.7,49.7,295990
