<ticker>,<date>,<open>,<high>,<low>,<close>,<vol>
F,201701090912,12.85,12.85,12.84,12.84,200
F,201701090913,12.84,12.84,12.83,12.83,2175
F,201701090915,12.82,12.82,12.82,12.82,197
F,201701090916,12.84,12.84,12.84,12.84,1992
F,201701090918,12.84,12.85,12.84,12.85,4264
F,201701090919,12.86,12.86,12.86,12.86,1650
F,201701090920,12.86,12.86,12.86,12.86,100
F,201701090922,12.86,12.86,12.85,12.85,1257
F,201701090926,12.85,12.85,12.85,12.85,5500
F,201701090927,12.85,12.86,12.85,12.85,9685
F,201701090929,12.8,12.8,12.8,12.8,500
F,201701090930,12.79,12.81,12.78,12.78,679915
F,201701090931,12.78,12.81,12.77,12.79,209101
F,201701090932,12.79,12.82,12.79,12.82,85828
F,201701090933,12.82,12.82,12.79,12.81,64171
F,201701090934,12.81,12.81,12.78,12.79,106035
F,201701090935,12.8,12.8,12.78,12.78,131326
F,201701090936,12.79,12.79,12.78,12.78,11074
F,201701090937,12.79,12.79,12.77,12.77,42711
F,201701090938,12.77,12.79,12.77,12.78,76516
F,201701090939,12.78,12.79,12.78,12.79,21137
F,201701090940,12.78,12.8,12.77,12.8,350549
F,201701090941,12.79,12.81,12.79,12.81,146914
F,201701090942,12.82,12.82,12.79,12.8,99258
F,201701090943,12.8,12.8,12.79,12.79,37344
F,201701090944,12.79,12.8,12.77,12.77,48166
F,201701090945,12.77,12.78,12.76,12.77,76572
F,201701090946,12.77,12.77,12.76,12.76,138154
F,201701090947,12.76,12.77,12.75,12.76,111324
F,201701090948,12.76,12.78,12.76,12.77,80382
F,201701090949,12.77,12.79,12.77,12.77,109597
F,201701090950,12.77,12.78,12.77,12.78,41494
F,201701090951,12.78,12.78,12.77,12.77,28444
F,201701090952,12.77,12.78,12.77,12.78,91515
F,201701090953,12.78,12.78,12.77,12.77,38756
F,201701090954,12.77,12.77,12.76,12.76,115656
F,201701090955,12.75,12.76,12.75,12.76,20594
F,201701090956,12.73,12.75,12.73,12.74,207211
F,201701090957,12.73,12.74,12.73,12.73,46023
F,201701090958,12.73,12.75,12.73,12.75,87357
F,201701090959,12.74,12.75,12.73,12.73,104072
F,201701091000,12.74,12.75,12.73,12.75,55138
F,201701091001,12.74,12.75,12.73,12.73,69994
F,201701091002,12.73,12.74,12.72,12.73,54610
F,201701091003,12.72,12.73,12.71,12.71,122417
F,201701091004,12.71,12.72,12.71,12.71,55050
F,201701091005,12.72,12.72,12.71,12.71,31117
F,201701091006,12.71,12.72,12.71,12.71,58078
F,201701091007,12.72,12.73,12.71,12.72,84991
F,201701091008,12.72,12.74,12.72,12.72,96467
F,201701091009,12.74,12.75,12.73,12.74,65219
F,201701091010,12.74,12.75,12.74,12.75,39393
F,201701091011,12.74,12.74,12.73,12.73,32429
F,201701091012,12.73,12.75,12.73,12.74,57779
F,201701091013,12.74,12.75,12.74,12.75,7660
F,201701091014,12.75,12.75,12.74,12.74,10608
F,201701091015,12.74,12.75,12.74,12.74,63101
F,201701091016,12.74,12.75,12.74,12.75,80639
F,201701091017,12.75,12.75,12.74,12.74,41548
F,201701091018,12.74,12.75,12.74,12.74,42471
F,201701091019,12.74,12.75,12.74,12.75,41381
F,201701091020,12.74,12.76,12.74,12.75,158789
F,201701091021,12.76,12.77,12.76,12.77,77035
F,201701091022,12.79,12.8,12.79,12.8,13549
F,201701091023,12.79,12.81,12.79,12.8,165984
F,201701091024,12.8,12.81,12.79,12.8,79591
F,201701091025,12.79,12.8,12.79,12.79,33713
F,201701091026,12.79,12.8,12.79,12.79,42000
F,201701091027,12.79,12.81,12.79,12.8,69593
F,201701091028,12.8,12.82,12.8,12.81,56533
F,201701091029,12.81,12.82,12.81,12.81,42021
F,201701091030,12.81,12.83,12.81,12.82,82618
F,201701091031,12.83,12.83,12.82,12.83,24012
F,201701091032,12.82,12.83,12.82,12.82,28066
F,201701091033,12.83,12.85,12.82,12.83,172924
F,201701091034,12.84,12.85,12.84,12.85,42099
F,201701091035,12.84,12.85,12.82,12.82,172149
F,201701091036,12.82,12.83,12.82,12.83,39925
F,201701091037,12.83,12.83,12.82,12.83,14146
F,201701091038,12.82,12.83,12.82,12.82,12425
F,201701091039,12.82,12.83,12.82,12.82,41625
F,201701091040,12.83,12.83,12.81,12.81,72604
F,201701091041,12.81,12.82,12.81,12.81,21333
F,201701091042,12.81,12.82,12.8,12.81,127479
F,201701091043,12.81,12.82,12.81,12.81,63925
F,201701091044,12.81,12.82,12.81,12.81,32467
F,201701091045,12.81,12.82,12.81,12.81,17417
F,201701091046,12.81,12.82,12.81,12.82,12647
F,201701091047,12.82,12.82,12.81,12.81,13989
F,201701091048,12.81,12.82,12.81,12.81,8035
F,201701091049,12.82,12.82,12.81,12.82,91355
F,201701091050,12.82,12.84,12.82,12.83,102973
F,201701091051,12.83,12.85,12.83,12.84,66625
F,201701091052,12.84,12.85,12.83,12.84,338177
F,201701091053,12.84,12.85,12.84,12.84,94020
F,201701091054,12.84,12.85,12.84,12.84,20258
F,201701091055,12.84,12.85,12.84,12.85,30784
F,201701091056,12.84,12.85,12.83,12.83,117589
F,201701091057,12.84,12.84,12.83,12.83,32741
F,201701091058,12.83,12.84,12.83,12.83,21038
F,201701091059,12.84,12.85,12.83,12.83,151782
F,201701091100,12.83,12.84,12.82,12.82,102338
F,201701091101,12.82,12.83,12.82,12.82,18212
F,201701091102,12.82,12.84,12.82,12.83,177530
F,201701091103,12.84,12.85,12.83,12.84,82249
F,201701091104,12.85,12.85,12.83,12.83,101764
F,201701091105,12.83,12.84,12.83,12.83,35885
F,201701091106,12.84,12.85,12.83,12.83,704791
F,201701091107,12.83,12.84,12.81,12.81,200668
F,201701091108,12.82,12.83,12.81,12.82,53467
F,201701091109,12.82,12.83,12.82,12.82,12287
F,201701091110,12.82,12.83,12.81,12.81,114425
F,201701091111,12.81,12.81,12.81,12.81,15950
F,201701091112,12.81,12.82,12.81,12.81,8215
F,201701091113,12.81,12.85,12.81,12.84,309541
F,201701091114,12.84,12.86,12.82,12.82,706810
F,201701091115,12.82,12.83,12.82,12.82,89760
F,201701091116,12.82,12.83,12.82,12.82,22411
F,201701091117,12.82,12.83,12.81,12.81,83352
F,201701091118,12.82,12.82,12.81,12.81,37447
F,201701091119,12.81,12.82,12.81,12.82,13789
F,201701091120,12.81,12.82,12.81,12.82,119904
F,201701091121,12.82,12.83,12.81,12.81,80176
F,201701091122,12.81,12.83,12.81,12.82,268383
F,201701091123,12.82,12.83,12.81,12.82,97925
F,201701091124,12.81,12.82,12.81,12.81,16075
F,201701091125,12.81,12.82,12.81,12.81,16758
F,201701091126,12.81,12.82,12.79,12.79,209826
F,201701091127,12.79,12.81,12.79,12.8,51388
F,201701091128,12.8,12.81,12.8,12.8,14712
F,201701091129,12.81,12.81,12.8,12.81,28360
F,201701091130,12.8,12.81,12.8,12.8,31927
F,201701091131,12.8,12.81,12.8,12.8,22036
F,201701091132,12.8,12.81,12.78,12.79,130083
F,201701091133,12.78,12.79,12.78,12.78,22700
F,201701091134,12.78,12.79,12.78,12.79,44027
F,201701091135,12.78,12.79,12.78,12.78,26712
F,201701091136,12.78,12.79,12.77,12.77,73264
F,201701091137,12.77,12.79,12.77,12.78,80064
F,201701091138,12.78,12.79,12.78,12.78,13495
F,201701091139,12.78,12.79,12.78,12.79,27101
F,201701091140,12.79,12.79,12.78,12.78,45644
F,201701091141,12.78,12.78,12.78,12.78,17204
F,201701091142,12.78,12.78,12.77,12.77,51347
F,201701091143,12.78,12.78,12.77,12.78,17397
F,201701091144,12.78,12.78,12.77,12.78,29002
F,201701091145,12.77,12.77,12.76,12.76,72986
F,201701091146,12.77,12.77,12.76,12.76,30431
F,201701091147,12.76,12.77,12.76,12.76,25331
F,201701091148,12.76,12.77,12.76,12.76,97340
F,201701091149,12.77,12.77,12.76,12.77,46405
F,201701091150,12.76,12.77,12.75,12.75,148001
F,201701091151,12.75,12.77,12.75,12.75,68029
F,201701091152,12.76,12.77,12.76,12.76,9932
F,201701091153,12.76,12.77,12.76,12.76,23660
F,201701091154,12.77,12.77,12.76,12.76,26200
F,201701091155,12.76,12.77,12.76,12.76,16628
F,201701091156,12.76,12.77,12.76,12.76,42805
F,201701091157,12.76,12.77,12.76,12.76,19426
F,201701091158,12.76,12.77,12.76,12.76,16310
F,201701091159,12.76,12.77,12.76,12.76,19448
F,201701091200,12.76,12.77,12.76,12.76,35380
F,201701091201,12.76,12.77,12.76,12.76,15907
F,201701091202,12.76,12.77,12.76,12.77,13479
F,201701091203,12.76,12.77,12.76,12.76,12751
F,201701091204,12.76,12.77,12.76,12.76,12658
F,201701091205,12.76,12.77,12.76,12.76,62263
F,201701091206,12.76,12.77,12.76,12.76,6984
F,201701091207,12.76,12.77,12.76,12.76,29589
F,201701091208,12.76,12.77,12.76,12.77,5637
F,201701091209,12.76,12.77,12.76,12.77,32938
F,201701091210,12.77,12.78,12.76,12.78,86815
F,201701091211,12.78,12.79,12.77,12.78,50682
F,201701091212,12.78,12.79,12.77,12.77,54991
F,201701091213,12.77,12.78,12.77,12.77,5022
F,201701091214,12.78,12.78,12.76,12.76,30309
F,201701091215,12.76,12.77,12.76,12.76,3871
F,201701091216,12.76,12.77,12.76,12.76,72870
F,201701091217,12.76,12.77,12.76,12.76,24806
F,201701091218,12.76,12.77,12.76,12.76,34265
F,201701091219,12.77,12.77,12.76,12.76,10900
F,201701091220,12.76,12.77,12.76,12.76,38157
F,201701091221,12.76,12.77,12.76,12.76,29329
F,201701091222,12.76,12.77,12.76,12.77,49857
F,201701091223,12.77,12.77,12.76,12.76,100392
F,201701091224,12.76,12.77,12.76,12.76,45434
F,201701091225,12.76,12.77,12.76,12.76,8444
F,201701091226,12.76,12.77,12.76,12.76,28313
F,201701091227,12.76,12.77,12.76,12.77,15825
F,201701091228,12.76,12.77,12.76,12.77,16050
F,201701091229,12.76,12.77,12.76,12.76,11362
F,201701091230,12.76,12.77,12.76,12.76,17472
F,201701091231,12.76,12.77,12.76,12.76,11330
F,201701091232,12.76,12.77,12.76,12.77,15109
F,201701091233,12.76,12.77,12.76,12.76,7253
F,201701091234,12.76,12.77,12.76,12.76,84121
F,201701091235,12.76,12.77,12.76,12.76,60900
F,201701091236,12.76,12.77,12.76,12.77,29592
F,201701091237,12.76,12.77,12.76,12.76,14179
F,201701091238,12.77,12.77,12.76,12.77,12213
F,201701091239,12.76,12.77,12.76,12.76,19546
F,201701091240,12.76,12.77,12.76,12.76,30177
F,201701091241,12.76,12.77,12.76,12.77,32778
F,201701091242,12.76,12.77,12.76,12.76,13866
F,201701091243,12.76,12.77,12.76,12.77,285553
F,201701091244,12.76,12.77,12.76,12.76,25937
F,201701091245,12.76,12.77,12.76,12.76,143225
F,201701091246,12.76,12.77,12.76,12.76,69575
F,201701091247,12.76,12.77,12.71,12.71,692863
F,201701091248,12.71,12.72,12.71,12.71,13179
F,201701091249,12.72,12.72,12.71,12.71,13540
F,201701091250,12.71,12.72,12.71,12.72,99633
F,201701091251,12.72,12.73,12.72,12.73,109793
F,201701091252,12.73,12.74,12.73,12.74,38070
F,201701091253,12.74,12.74,12.73,12.74,26625
F,201701091254,12.73,12.73,12.73,12.73,100
F,201701091255,12.74,12.74,12.73,12.73,76185
F,201701091256,12.73,12.74,12.73,12.73,65204
F,201701091257,12.73,12.74,12.73,12.73,31520
F,201701091258,12.73,12.74,12.73,12.73,42806
F,201701091259,12.73,12.74,12.73,12.73,57831
F,201701091300,12.73,12.74,12.73,12.73,28124
F,201701091301,12.73,12.75,12.73,12.75,46395
F,201701091302,12.75,12.75,12.74,12.74,19099
F,201701091303,12.74,12.75,12.74,12.75,10425
F,201701091304,12.75,12.75,12.74,12.75,25131
F,201701091305,12.75,12.75,12.74,12.74,13529
F,201701091306,12.75,12.75,12.74,12.75,14472
F,201701091307,12.74,12.75,12.74,12.75,19014
F,201701091308,12.74,12.75,12.74,12.75,37050
F,201701091309,12.75,12.75,12.74,12.74,10237
F,201701091310,12.74,12.75,12.72,12.72,156926
F,201701091311,12.72,12.73,12.72,12.73,90736
F,201701091312,12.73,12.74,12.73,12.74,6385
F,201701091313,12.73,12.74,12.73,12.73,6546
F,201701091314,12.73,12.74,12.73,12.73,8131
F,201701091315,12.74,12.74,12.73,12.74,27272
F,201701091316,12.73,12.74,12.73,12.73,40126
F,201701091317,12.73,12.74,12.73,12.74,62619
F,201701091318,12.73,12.74,12.73,12.74,44040
F,201701091319,12.73,12.74,12.73,12.73,8015
F,201701091320,12.74,12.74,12.73,12.74,116751
F,201701091321,12.73,12.74,12.73,12.73,45336
F,201701091322,12.73,12.74,12.73,12.73,59260
F,201701091323,12.73,12.74,12.73,12.73,28465
F,201701091324,12.73,12.74,12.73,12.74,13407
F,201701091325,12.73,12.74,12.73,12.74,17817
F,201701091326,12.74,12.74,12.73,12.73,42473
F,201701091327,12.73,12.74,12.73,12.73,11736
F,201701091328,12.73,12.74,12.73,12.73,10769
F,201701091329,12.74,12.74,12.73,12.73,9201
F,201701091330,12.73,12.74,12.73,12.73,87654
F,201701091331,12.74,12.74,12.73,12.73,14456
F,201701091332,12.73,12.74,12.73,12.73,118639
F,201701091333,12.73,12.74,12.73,12.73,14694
F,201701091334,12.73,12.74,12.73,12.73,11522
F,201701091335,12.74,12.74,12.72,12.72,230950
F,201701091336,12.72,12.72,12.71,12.71,645361
F,201701091337,12.71,12.72,12.71,12.71,66769
F,201701091338,12.72,12.72,12.71,12.71,26742
F,201701091339,12.71,12.72,12.71,12.71,7807
F,201701091340,12.72,12.72,12.71,12.71,19967
F,201701091341,12.71,12.72,12.7,12.71,296926
F,201701091342,12.71,12.72,12.71,12.71,12100
F,201701091343,12.72,12.72,12.71,12.71,25143
F,201701091344,12.72,12.72,12.71,12.72,10220
F,201701091345,12.71,12.72,12.71,12.71,15112
F,201701091346,12.71,12.72,12.71,12.72,8355
F,201701091347,12.72,12.73,12.71,12.73,81132
F,201701091348,12.72,12.73,12.72,12.72,5400
F,201701091349,12.72,12.73,12.72,12.72,55880
F,201701091350,12.72,12.73,12.72,12.73,19798
F,201701091351,12.72,12.73,12.72,12.72,10425
F,201701091352,12.72,12.73,12.72,12.72,14063
F,201701091353,12.72,12.73,12.72,12.73,34616
F,201701091354,12.73,12.73,12.71,12.71,2255039
F,201701091355,12.71,12.71,12.7,12.7,252119
F,201701091356,12.7,12.71,12.67,12.69,943490
F,201701091357,12.69,12.69,12.68,12.69,30243
F,201701091358,12.69,12.7,12.68,12.68,97765
F,201701091359,12.68,12.69,12.68,12.68,37138
F,201701091400,12.69,12.69,12.68,12.69,65973
F,201701091401,12.7,12.7,12.69,12.69,38608
F,201701091402,12.69,12.71,12.69,12.7,127015
F,201701091403,12.71,12.72,12.7,12.71,128765
F,201701091404,12.71,12.72,12.7,12.7,91425
F,201701091405,12.71,12.71,12.7,12.7,14052
F,201701091406,12.7,12.71,12.7,12.7,15399
F,201701091407,12.7,12.71,12.69,12.69,122873
F,201701091408,12.69,12.7,12.69,12.69,34289
F,201701091409,12.69,12.7,12.69,12.7,27455
F,201701091410,12.69,12.69,12.67,12.67,114258
F,201701091411,12.67,12.68,12.67,12.67,9740
F,201701091412,12.67,12.68,12.67,12.67,51234
F,201701091413,12.67,12.68,12.67,12.68,64234
F,201701091414,12.67,12.68,12.67,12.67,44291
F,201701091415,12.68,12.68,12.67,12.68,16477
F,201701091416,12.67,12.68,12.67,12.67,34271
F,201701091417,12.67,12.68,12.65,12.67,324209
F,201701091418,12.67,12.68,12.67,12.68,16873
F,201701091419,12.68,12.68,12.67,12.67,33345
F,201701091420,12.68,12.68,12.66,12.66,162585
F,201701091421,12.67,12.67,12.66,12.66,28758
F,201701091422,12.67,12.67,12.66,12.66,29045
F,201701091423,12.67,12.68,12.66,12.66,36551
F,201701091424,12.67,12.68,12.67,12.67,26618
F,201701091425,12.68,12.68,12.67,12.67,72003
F,201701091426,12.67,12.68,12.66,12.66,51271
F,201701091427,12.67,12.67,12.65,12.66,160233
F,201701091428,12.66,12.66,12.65,12.66,51259
F,201701091429,12.65,12.67,12.65,12.66,30351
F,201701091430,12.66,12.67,12.66,12.66,10908
F,201701091431,12.66,12.66,12.65,12.66,125533
F,201701091432,12.65,12.66,12.65,12.66,31472
F,201701091433,12.66,12.66,12.65,12.65,97845
F,201701091434,12.66,12.66,12.65,12.66,48542
F,201701091435,12.65,12.66,12.65,12.65,35612
F,201701091436,12.66,12.66,12.66,12.66,300
F,201701091437,12.67,12.67,12.66,12.67,27110
F,201701091438,12.66,12.67,12.66,12.67,93757
F,201701091439,12.67,12.68,12.66,12.67,70993
F,201701091440,12.67,12.68,12.67,12.67,26171
F,201701091441,12.68,12.68,12.67,12.67,29897
F,201701091442,12.67,12.69,12.67,12.69,131010
F,201701091443,12.69,12.69,12.68,12.68,44255
F,201701091444,12.68,12.68,12.67,12.67,147519
F,201701091445,12.68,12.68,12.67,12.67,53979
F,201701091446,12.67,12.68,12.67,12.67,22854
F,201701091447,12.67,12.7,12.67,12.67,611816
F,201701091448,12.68,12.68,12.67,12.67,600
F,201701091449,12.68,12.68,12.67,12.67,99752
F,201701091450,12.68,12.68,12.67,12.68,70759
F,201701091451,12.67,12.68,12.67,12.67,74306
F,201701091452,12.67,12.68,12.67,12.67,31956
F,201701091453,12.68,12.68,12.67,12.67,32804
F,201701091454,12.68,12.68,12.67,12.67,16667
F,201701091455,12.68,12.68,12.67,12.68,131799
F,201701091456,12.68,12.69,12.67,12.68,63213
F,201701091457,12.68,12.69,12.68,12.68,93384
F,201701091458,12.68,12.7,12.68,12.69,112818
F,201701091459,12.69,12.69,12.69,12.69,3900
F,201701091500,12.7,12.7,12.69,12.7,65631
F,201701091501,12.7,12.7,12.69,12.7,16314
F,201701091502,12.69,12.7,12.69,12.69,32719
F,201701091503,12.7,12.7,12.69,12.7,46167
F,201701091504,12.69,12.7,12.69,12.69,36069
F,201701091505,12.69,12.7,12.69,12.7,72988
F,201701091506,12.69,12.7,12.69,12.7,19378
F,201701091507,12.69,12.7,12.69,12.7,454991
F,201701091508,12.69,12.7,12.69,12.7,23862
F,201701091509,12.7,12.7,12.69,12.69,9201
F,201701091510,12.69,12.7,12.68,12.68,171634
F,201701091511,12.68,12.69,12.68,12.68,30311
F,201701091512,12.68,12.69,12.68,12.68,126349
F,201701091513,12.69,12.69,12.68,12.69,71086
F,201701091514,12.68,12.69,12.68,12.68,9642
F,201701091515,12.68,12.69,12.68,12.68,7888
F,201701091516,12.68,12.69,12.68,12.68,12565
F,201701091517,12.68,12.69,12.68,12.69,13907
F,201701091518,12.68,12.69,12.68,12.68,27409
F,201701091519,12.68,12.69,12.68,12.68,16775
F,201701091520,12.68,12.69,12.68,12.68,73440
F,201701091521,12.69,12.69,12.68,12.69,32051
F,201701091522,12.69,12.69,12.68,12.69,63920
F,201701091523,12.69,12.69,12.68,12.68,24317
F,201701091524,12.69,12.69,12.68,12.69,12792
F,201701091525,12.69,12.71,12.68,12.7,262248
F,201701091526,12.7,12.71,12.68,12.7,641257
F,201701091527,12.69,12.7,12.69,12.69,39975
F,201701091528,12.69,12.71,12.68,12.7,491193
F,201701091529,12.7,12.71,12.69,12.69,266788
F,201701091530,12.69,12.7,12.68,12.7,585705
F,201701091531,12.7,12.71,12.7,12.7,110824
F,201701091532,12.7,12.71,12.7,12.7,39757
F,201701091533,12.7,12.71,12.69,12.7,187429
F,201701091534,12.69,12.69,12.69,12.69,200
F,201701091535,12.7,12.7,12.69,12.69,40935
F,201701091536,12.7,12.7,12.69,12.69,29567
F,201701091537,12.69,12.7,12.68,12.68,150365
F,201701091538,12.68,12.69,12.68,12.69,38076
F,201701091539,12.68,12.69,12.68,12.68,43890
F,201701091540,12.68,12.69,12.68,12.68,75166
F,201701091541,12.68,12.69,12.68,12.68,55495
F,201701091542,12.68,12.69,12.68,12.68,76210
F,201701091543,12.68,12.69,12.68,12.68,49915
F,201701091544,12.68,12.69,12.68,12.69,176807
F,201701091545,12.69,12.69,12.69,12.69,100
F,201701091546,12.68,12.69,12.68,12.68,88584
F,201701091547,12.68,12.69,12.68,12.68,88967
F,201701091548,12.68,12.69,12.68,12.69,33340
F,201701091549,12.69,12.69,12.68,12.69,113918
F,201701091550,12.68,12.69,12.67,12.67,521252
F,201701091551,12.67,12.68,12.67,12.67,78095
F,201701091552,12.67,12.68,12.67,12.67,135509
F,201701091553,12.67,12.68,12.66,12.66,289918
F,201701091554,12.66,12.67,12.65,12.65,199268
F,201701091555,12.66,12.66,12.65,12.65,207205
F,201701091556,12.66,12.66,12.65,12.65,155223
F,201701091557,12.65,12.66,12.65,12.66,161512
F,201701091558,12.66,12.66,12.64,12.64,869378
F,201701091559,12.64,12.65,12.63,12.63,1064513
F,201701091600,12.65,12.65,12.65,12.65,400
F,201701091601,12.65,12.65,12.6,12.6,3899
F,201701091602,12.65,12.65,12.65,12.65,100
F,201701091603,12.63,12.63,12.63,12.63,2920526
F,201701091604,12.63,12.63,12.63,12.63,100
F,201701091606,12.64,12.64,12.64,12.64,500
F,201701091610,12.63,12.63,12.63,12.63,4582
F,201701091615,12.63,12.63,12.63,12.63,1424
F,201701091621,12.64,12.74,12.63,12.74,19506
F,201701091622,12.64,12.66,12.64,12.66,27969
F,201701091624,12.64,12.64,12.64,12.64,1000
F,201701091629,12.64,12.64,12.64,12.64,2000
F,201701091633,12.64,12.64,12.64,12.64,140
F,201701091635,12.64,12.64,12.64,12.64,395
F,201701091638,12.63,12.63,12.63,12.63,299
F,201701091646,12.64,12.64,12.64,12.64,300
F,201701091647,12.64,12.64,12.64,12.64,800
F,201701091648,12.64,12.64,12.64,12.64,125
F,201701091654,12.62,12.62,12.62,12.62,1000
F,201701091659,12.64,12.64,12.64,12.64,100
