<ticker>,<date>,<open>,<high>,<low>,<close>,<vol>
F,201701030900,12.16,12.19,12.16,12.19,5140
F,201701030904,12.2,12.2,12.2,12.2,300
F,201701030905,12.2,12.2,12.17,12.17,710
F,201701030906,12.18,12.18,12.18,12.18,1000
F,201701030910,12.2,12.2,12.2,12.2,100
F,201701030912,12.18,12.18,12.18,12.18,2000
F,201701030914,12.2,12.2,12.2,12.2,1500
F,201701030915,12.17,12.17,12.17,12.17,1858
F,201701030916,12.2,12.2,12.2,12.2,100
F,201701030919,12.17,12.17,12.17,12.17,1699
F,201701030921,12.17,12.18,12.17,12.18,46100
F,201701030922,12.19,12.19,12.19,12.19,125
F,201701030927,12.2,12.2,12.2,12.2,1200
F,201701030929,12.21,12.21,12.21,12.21,300
F,201701030930,12.2,12.21,12.18,12.19,41690
F,201701030931,12.19,12.2,12.16,12.17,790114
F,201701030932,12.17,12.18,12.15,12.16,99421
F,201701030933,12.15,12.16,12.13,12.14,163891
F,201701030934,12.14,12.16,12.13,12.14,201058
F,201701030935,12.14,12.19,12.14,12.17,170467
F,201701030936,12.18,12.18,12.15,12.16,60217
F,201701030937,12.16,12.18,12.15,12.18,108575
F,201701030938,12.18,12.2,12.17,12.19,109574
F,201701030939,12.18,12.22,12.18,12.22,76486
F,201701030940,12.22,12.22,12.21,12.21,45869
F,201701030941,12.21,12.24,12.21,12.24,122120
F,201701030942,12.24,12.26,12.22,12.25,330365
F,201701030943,12.26,12.29,12.25,12.29,357620
F,201701030944,12.3,12.33,12.3,12.33,187233
F,201701030945,12.33,12.35,12.33,12.34,241239
F,201701030946,12.34,12.35,12.33,12.35,210506
F,201701030947,12.34,12.35,12.29,12.34,152829
F,201701030948,12.3,12.32,12.29,12.31,149953
F,201701030949,12.32,12.33,12.31,12.31,90061
F,201701030950,12.31,12.32,12.3,12.31,119041
F,201701030951,12.3,12.32,12.3,12.32,62137
F,201701030952,12.31,12.33,12.31,12.32,52909
F,201701030953,12.33,12.34,12.32,12.33,101236
F,201701030954,12.33,12.35,12.32,12.35,80553
F,201701030955,12.35,12.35,12.33,12.34,154419
F,201701030956,12.34,12.36,12.34,12.36,257519
F,201701030957,12.36,12.36,12.34,12.35,47337
F,201701030958,12.35,12.37,12.34,12.37,98400
F,201701030959,12.37,12.37,12.35,12.36,144137
F,201701031000,12.36,12.39,12.36,12.38,100926
F,201701031001,12.39,12.4,12.38,12.4,110328
F,201701031002,12.39,12.42,12.39,12.41,177170
F,201701031003,12.41,12.43,12.41,12.43,141941
F,201701031004,12.43,12.43,12.41,12.43,152225
F,201701031005,12.43,12.45,12.42,12.45,194807
F,201701031006,12.44,12.45,12.41,12.42,282048
F,201701031007,12.43,12.44,12.42,12.43,140706
F,201701031008,12.43,12.45,12.43,12.43,178410
F,201701031009,12.43,12.48,12.43,12.48,375607
F,201701031010,12.48,12.48,12.45,12.46,258383
F,201701031011,12.46,12.47,12.45,12.47,84906
F,201701031012,12.47,12.48,12.46,12.48,68139
F,201701031013,12.47,12.48,12.46,12.48,180311
F,201701031014,12.47,12.49,12.47,12.49,63571
F,201701031015,12.48,12.49,12.48,12.49,19997
F,201701031016,12.48,12.49,12.47,12.47,103227
F,201701031017,12.47,12.48,12.46,12.47,129989
F,201701031018,12.47,12.48,12.45,12.46,167905
F,201701031019,12.45,12.47,12.44,12.45,254606
F,201701031020,12.45,12.46,12.44,12.44,84077
F,201701031021,12.45,12.45,12.43,12.44,100097
F,201701031022,12.45,12.45,12.43,12.45,68761
F,201701031023,12.44,12.46,12.44,12.46,49917
F,201701031024,12.45,12.47,12.45,12.46,70164
F,201701031025,12.46,12.47,12.46,12.46,29911
F,201701031026,12.46,12.48,12.46,12.48,138975
F,201701031027,12.47,12.48,12.47,12.48,58707
F,201701031028,12.47,12.48,12.47,12.48,24734
F,201701031029,12.47,12.48,12.47,12.47,72121
F,201701031030,12.47,12.49,12.47,12.49,147893
F,201701031031,12.49,12.49,12.48,12.48,73226
F,201701031032,12.48,12.49,12.47,12.47,112683
F,201701031033,12.47,12.48,12.47,12.48,25353
F,201701031034,12.48,12.48,12.45,12.45,125584
F,201701031035,12.45,12.46,12.43,12.44,105735
F,201701031036,12.45,12.45,12.43,12.43,44365
F,201701031037,12.43,12.44,12.43,12.43,23986
F,201701031038,12.43,12.44,12.43,12.43,17733
F,201701031039,12.44,12.44,12.42,12.44,111806
F,201701031040,12.44,12.45,12.43,12.44,65867
F,201701031041,12.44,12.45,12.43,12.44,85264
F,201701031042,12.44,12.45,12.43,12.43,188122
F,201701031043,12.43,12.46,12.43,12.46,125268
F,201701031044,12.46,12.46,12.43,12.44,103100
F,201701031045,12.43,12.44,12.43,12.43,33104
F,201701031046,12.43,12.44,12.42,12.42,161653
F,201701031047,12.42,12.43,12.41,12.42,107538
F,201701031048,12.42,12.43,12.41,12.41,51648
F,201701031049,12.42,12.42,12.4,12.4,41170
F,201701031050,12.4,12.42,12.4,12.41,42749
F,201701031051,12.41,12.42,12.4,12.41,101070
F,201701031052,12.42,12.43,12.41,12.42,63767
F,201701031053,12.42,12.43,12.42,12.42,12808
F,201701031054,12.43,12.43,12.41,12.41,53578
F,201701031055,12.41,12.42,12.4,12.4,67505
F,201701031056,12.4,12.41,12.39,12.4,149785
F,201701031057,12.4,12.4,12.39,12.4,78342
F,201701031058,12.39,12.39,12.37,12.39,173216
F,201701031059,12.38,12.39,12.38,12.38,20666
F,201701031100,12.38,12.38,12.36,12.37,73018
F,201701031101,12.37,12.37,12.35,12.35,86805
F,201701031102,12.35,12.37,12.35,12.36,97270
F,201701031103,12.36,12.37,12.36,12.37,87957
F,201701031104,12.37,12.38,12.36,12.38,94137
F,201701031105,12.37,12.4,12.37,12.38,213625
F,201701031106,12.39,12.4,12.38,12.39,98206
F,201701031107,12.39,12.41,12.39,12.41,53820
F,201701031108,12.41,12.43,12.4,12.4,188531
F,201701031109,12.43,12.43,12.42,12.43,108020
F,201701031110,12.43,12.44,12.42,12.44,172707
F,201701031111,12.43,12.44,12.43,12.44,53541
F,201701031112,12.43,12.45,12.43,12.44,190346
F,201701031113,12.44,12.44,12.43,12.43,54105
F,201701031114,12.43,12.44,12.43,12.43,70613
F,201701031115,12.43,12.44,12.42,12.42,98866
F,201701031116,12.42,12.43,12.42,12.43,46614
F,201701031117,12.42,12.43,12.42,12.43,86137
F,201701031118,12.42,12.43,12.4,12.41,195481
F,201701031119,12.41,12.42,12.4,12.4,52980
F,201701031120,12.4,12.42,12.4,12.41,91810
F,201701031121,12.41,12.43,12.41,12.42,108058
F,201701031122,12.42,12.44,12.42,12.44,67287
F,201701031123,12.44,12.45,12.43,12.45,84592
F,201701031124,12.45,12.45,12.43,12.44,65236
F,201701031125,12.44,12.45,12.44,12.44,52104
F,201701031126,12.44,12.44,12.43,12.43,81331
F,201701031127,12.43,12.44,12.43,12.43,47041
F,201701031128,12.43,12.44,12.41,12.41,94421
F,201701031129,12.42,12.43,12.41,12.42,85706
F,201701031130,12.41,12.43,12.41,12.42,41957
F,201701031131,12.43,12.43,12.41,12.42,50500
F,201701031132,12.42,12.43,12.41,12.43,65954
F,201701031133,12.42,12.44,12.42,12.44,63666
F,201701031134,12.43,12.44,12.43,12.44,49711
F,201701031135,12.44,12.44,12.43,12.44,43384
F,201701031136,12.44,12.45,12.43,12.45,100651
F,201701031137,12.45,12.46,12.44,12.45,158963
F,201701031138,12.45,12.46,12.43,12.44,201190
F,201701031139,12.44,12.44,12.43,12.44,77713
F,201701031140,12.43,12.44,12.43,12.43,29347
F,201701031141,12.44,12.44,12.42,12.42,97495
F,201701031142,12.42,12.44,12.42,12.44,126504
F,201701031143,12.44,12.44,12.41,12.41,154493
F,201701031144,12.41,12.42,12.41,12.42,78489
F,201701031145,12.42,12.43,12.41,12.43,80936
F,201701031146,12.42,12.44,12.42,12.44,66712
F,201701031147,12.44,12.45,12.44,12.45,95714
F,201701031148,12.45,12.46,12.44,12.45,111190
F,201701031149,12.45,12.45,12.44,12.45,25665
F,201701031150,12.45,12.46,12.44,12.46,83253
F,201701031151,12.46,12.48,12.45,12.48,160972
F,201701031152,12.48,12.48,12.47,12.48,86012
F,201701031153,12.48,12.5,12.47,12.5,372406
F,201701031154,12.49,12.5,12.48,12.49,142041
F,201701031155,12.5,12.5,12.49,12.49,128154
F,201701031156,12.5,12.5,12.49,12.49,70869
F,201701031157,12.49,12.5,12.49,12.49,23385
F,201701031158,12.49,12.5,12.49,12.49,120327
F,201701031159,12.5,12.52,12.49,12.52,431170
F,201701031200,12.52,12.53,12.51,12.53,365878
F,201701031201,12.53,12.53,12.52,12.52,65319
F,201701031202,12.52,12.53,12.52,12.53,67411
F,201701031203,12.53,12.53,12.51,12.51,181101
F,201701031204,12.51,12.52,12.51,12.52,115078
F,201701031205,12.51,12.52,12.49,12.5,201078
F,201701031206,12.49,12.5,12.48,12.49,211550
F,201701031207,12.49,12.51,12.49,12.51,169269
F,201701031208,12.51,12.52,12.5,12.52,80548
F,201701031209,12.52,12.53,12.51,12.53,90141
F,201701031210,12.52,12.54,12.52,12.53,147044
F,201701031211,12.54,12.54,12.53,12.54,39452
F,201701031212,12.54,12.54,12.53,12.54,74729
F,201701031213,12.54,12.54,12.52,12.52,246132
F,201701031214,12.52,12.54,12.52,12.54,115647
F,201701031215,12.54,12.54,12.53,12.53,54326
F,201701031216,12.53,12.54,12.53,12.54,36534
F,201701031217,12.53,12.54,12.53,12.53,29999
F,201701031218,12.54,12.54,12.52,12.52,128475
F,201701031219,12.52,12.53,12.51,12.53,136470
F,201701031220,12.52,12.53,12.52,12.53,29773
F,201701031221,12.53,12.53,12.5,12.51,136758
F,201701031222,12.5,12.53,12.5,12.53,504112
F,201701031223,12.53,12.53,12.51,12.52,94098
F,201701031224,12.52,12.53,12.51,12.53,72684
F,201701031225,12.52,12.53,12.52,12.53,49899
F,201701031226,12.53,12.53,12.52,12.53,45841
F,201701031227,12.52,12.53,12.51,12.52,118222
F,201701031228,12.51,12.52,12.51,12.51,21955
F,201701031229,12.51,12.52,12.5,12.51,69499
F,201701031230,12.5,12.51,12.5,12.5,28040
F,201701031231,12.5,12.52,12.5,12.51,89599
F,201701031232,12.51,12.52,12.51,12.51,64665
F,201701031233,12.52,12.54,12.51,12.54,226941
F,201701031234,12.53,12.55,12.53,12.54,191134
F,201701031235,12.55,12.55,12.53,12.54,114223
F,201701031236,12.54,12.55,12.53,12.54,50194
F,201701031237,12.53,12.55,12.53,12.54,72389
F,201701031238,12.55,12.55,12.53,12.54,81728
F,201701031239,12.53,12.54,12.53,12.54,25643
F,201701031240,12.54,12.54,12.53,12.53,46734
F,201701031241,12.53,12.54,12.53,12.54,28293
F,201701031242,12.53,12.54,12.52,12.53,95422
F,201701031243,12.53,12.53,12.52,12.52,42184
F,201701031244,12.53,12.53,12.52,12.52,49827
F,201701031245,12.52,12.52,12.51,12.52,98914
F,201701031246,12.51,12.53,12.51,12.52,83983
F,201701031247,12.52,12.53,12.52,12.52,15955
F,201701031248,12.53,12.54,12.52,12.54,43503
F,201701031249,12.53,12.55,12.52,12.55,190817
F,201701031250,12.55,12.55,12.54,12.54,62682
F,201701031251,12.54,12.55,12.53,12.53,92463
F,201701031252,12.54,12.55,12.53,12.54,76078
F,201701031253,12.54,12.55,12.53,12.53,44622
F,201701031254,12.53,12.54,12.53,12.54,24550
F,201701031255,12.53,12.55,12.53,12.54,48587
F,201701031256,12.54,12.56,12.54,12.56,166590
F,201701031257,12.56,12.57,12.55,12.56,86850
F,201701031258,12.56,12.57,12.53,12.54,378937
F,201701031259,12.54,12.54,12.53,12.54,50247
F,201701031300,12.53,12.54,12.53,12.54,19069
F,201701031301,12.54,12.54,12.53,12.53,8930
F,201701031302,12.54,12.54,12.53,12.53,15160
F,201701031303,12.54,12.54,12.53,12.53,14683
F,201701031304,12.53,12.54,12.53,12.54,49288
F,201701031305,12.53,12.54,12.53,12.53,15201
F,201701031306,12.53,12.55,12.53,12.54,92831
F,201701031307,12.53,12.54,12.53,12.53,23088
F,201701031308,12.53,12.54,12.51,12.52,75601
F,201701031309,12.52,12.53,12.51,12.51,139822
F,201701031310,12.51,12.52,12.51,12.52,13614
F,201701031311,12.51,12.52,12.51,12.51,47738
F,201701031312,12.51,12.53,12.51,12.53,51791
F,201701031313,12.53,12.53,12.52,12.52,15907
F,201701031314,12.53,12.53,12.52,12.52,36580
F,201701031315,12.52,12.53,12.52,12.52,34549
F,201701031316,12.53,12.53,12.52,12.53,18206
F,201701031317,12.53,12.53,12.52,12.53,18770
F,201701031318,12.52,12.53,12.52,12.52,26770
F,201701031319,12.52,12.53,12.52,12.52,15730
F,201701031320,12.52,12.53,12.52,12.53,44163
F,201701031321,12.52,12.54,12.52,12.54,115200
F,201701031322,12.53,12.55,12.53,12.54,34573
F,201701031323,12.55,12.55,12.54,12.55,15843
F,201701031324,12.55,12.55,12.54,12.55,50010
F,201701031325,12.54,12.55,12.54,12.55,16788
F,201701031326,12.55,12.55,12.54,12.54,15430
F,201701031327,12.55,12.55,12.54,12.55,17418
F,201701031328,12.55,12.55,12.54,12.54,25038
F,201701031329,12.54,12.55,12.54,12.55,27588
F,201701031330,12.55,12.55,12.53,12.54,107203
F,201701031331,12.54,12.54,12.52,12.52,36063
F,201701031332,12.53,12.54,12.52,12.54,79174
F,201701031333,12.54,12.54,12.53,12.53,23988
F,201701031334,12.54,12.54,12.53,12.54,22925
F,201701031335,12.53,12.53,12.51,12.52,97233
F,201701031336,12.52,12.53,12.51,12.52,103750
F,201701031337,12.51,12.53,12.51,12.53,70680
F,201701031338,12.52,12.53,12.52,12.53,18933
F,201701031339,12.52,12.53,12.52,12.53,23045
F,201701031340,12.53,12.53,12.5,12.51,113242
F,201701031341,12.5,12.51,12.5,12.51,9808
F,201701031342,12.5,12.51,12.5,12.5,16370
F,201701031343,12.5,12.51,12.5,12.51,7864
F,201701031344,12.51,12.51,12.5,12.5,29652
F,201701031345,12.51,12.51,12.5,12.5,37588
F,201701031346,12.51,12.52,12.5,12.52,49192
F,201701031347,12.52,12.52,12.51,12.52,20816
F,201701031348,12.52,12.52,12.51,12.51,23310
F,201701031349,12.51,12.52,12.5,12.5,112894
F,201701031350,12.5,12.52,12.5,12.51,86666
F,201701031351,12.51,12.52,12.5,12.52,116538
F,201701031352,12.52,12.52,12.51,12.52,9150
F,201701031353,12.51,12.52,12.51,12.52,19289
F,201701031354,12.52,12.52,12.51,12.52,35523
F,201701031355,12.51,12.52,12.51,12.51,15100
F,201701031356,12.52,12.52,12.51,12.52,24111
F,201701031357,12.52,12.52,12.51,12.52,10602
F,201701031358,12.52,12.52,12.51,12.51,22772
F,201701031359,12.52,12.52,12.5,12.51,172915
F,201701031400,12.51,12.51,12.5,12.51,12570
F,201701031401,12.51,12.52,12.5,12.52,88019
F,201701031402,12.52,12.52,12.51,12.51,13403
F,201701031403,12.51,12.52,12.51,12.52,32495
F,201701031404,12.51,12.52,12.51,12.52,14387
F,201701031405,12.52,12.52,12.51,12.51,24924
F,201701031406,12.52,12.52,12.51,12.51,7514
F,201701031407,12.51,12.52,12.51,12.52,20753
F,201701031408,12.52,12.52,12.51,12.51,11631
F,201701031409,12.52,12.52,12.51,12.52,12268
F,201701031410,12.51,12.52,12.51,12.51,26938
F,201701031411,12.52,12.52,12.51,12.52,14620
F,201701031412,12.51,12.52,12.51,12.51,30875
F,201701031413,12.52,12.52,12.51,12.52,38622
F,201701031414,12.52,12.52,12.51,12.51,13400
F,201701031415,12.51,12.52,12.51,12.51,39254
F,201701031416,12.51,12.52,12.51,12.52,51832
F,201701031417,12.52,12.52,12.51,12.51,29934
F,201701031418,12.52,12.52,12.51,12.52,22385
F,201701031419,12.52,12.52,12.51,12.52,29736
F,201701031420,12.51,12.53,12.51,12.53,167309
F,201701031421,12.53,12.53,12.52,12.53,14573
F,201701031422,12.52,12.53,12.52,12.52,21340
F,201701031423,12.53,12.53,12.52,12.52,20494
F,201701031424,12.52,12.53,12.52,12.53,17867
F,201701031425,12.53,12.53,12.52,12.53,10835
F,201701031426,12.53,12.53,12.52,12.52,27052
F,201701031427,12.53,12.53,12.52,12.52,20100
F,201701031428,12.52,12.53,12.52,12.52,25478
F,201701031429,12.53,12.53,12.52,12.53,19367
F,201701031430,12.53,12.53,12.52,12.52,27080
F,201701031431,12.52,12.53,12.52,12.52,32342
F,201701031432,12.53,12.53,12.52,12.52,16980
F,201701031433,12.52,12.53,12.52,12.53,190310
F,201701031434,12.52,12.53,12.52,12.53,42078
F,201701031435,12.53,12.53,12.52,12.53,33319
F,201701031436,12.53,12.53,12.52,12.53,72464
F,201701031437,12.52,12.53,12.52,12.53,74003
F,201701031438,12.53,12.55,12.53,12.55,224244
F,201701031439,12.55,12.55,12.53,12.54,110475
F,201701031440,12.53,12.54,12.52,12.53,240822
F,201701031441,12.53,12.53,12.52,12.53,19943
F,201701031442,12.53,12.54,12.53,12.53,50596
F,201701031443,12.54,12.54,12.53,12.54,23632
F,201701031444,12.54,12.54,12.53,12.53,53413
F,201701031445,12.54,12.55,12.53,12.54,192629
F,201701031446,12.55,12.55,12.54,12.54,14453
F,201701031447,12.55,12.55,12.54,12.55,36373
F,201701031448,12.55,12.56,12.55,12.56,87172
F,201701031449,12.56,12.57,12.55,12.56,250384
F,201701031450,12.55,12.56,12.55,12.55,23063
F,201701031451,12.55,12.56,12.55,12.55,20545
F,201701031452,12.56,12.57,12.55,12.57,243668
F,201701031453,12.57,12.57,12.56,12.57,39523
F,201701031454,12.57,12.57,12.56,12.57,43720
F,201701031455,12.56,12.57,12.56,12.57,43750
F,201701031456,12.57,12.57,12.56,12.57,33453
F,201701031457,12.56,12.58,12.56,12.58,193405
F,201701031458,12.58,12.58,12.57,12.58,38419
F,201701031459,12.58,12.6,12.58,12.59,146054
F,201701031500,12.59,12.6,12.59,12.6,61948
F,201701031501,12.6,12.6,12.59,12.6,42375
F,201701031502,12.6,12.6,12.59,12.6,36164
F,201701031503,12.6,12.6,12.59,12.6,20512
F,201701031504,12.6,12.6,12.59,12.6,43747
F,201701031505,12.6,12.6,12.59,12.6,34859
F,201701031506,12.6,12.6,12.58,12.59,211917
F,201701031507,12.58,12.59,12.57,12.57,92880
F,201701031508,12.57,12.58,12.57,12.57,35676
F,201701031509,12.57,12.58,12.57,12.58,36688
F,201701031510,12.58,12.58,12.57,12.58,61533
F,201701031511,12.58,12.58,12.57,12.57,64337
F,201701031512,12.58,12.58,12.57,12.58,54526
F,201701031513,12.58,12.58,12.57,12.57,29863
F,201701031514,12.58,12.59,12.57,12.59,215883
F,201701031515,12.59,12.59,12.58,12.58,51704
F,201701031516,12.59,12.59,12.56,12.57,174617
F,201701031517,12.56,12.57,12.55,12.57,125143
F,201701031518,12.57,12.57,12.56,12.56,37671
F,201701031519,12.56,12.57,12.55,12.56,100282
F,201701031520,12.55,12.56,12.55,12.55,25851
F,201701031521,12.56,12.56,12.54,12.54,77791
F,201701031522,12.54,12.55,12.54,12.54,22715
F,201701031523,12.54,12.55,12.54,12.54,31398
F,201701031524,12.54,12.55,12.54,12.54,43742
F,201701031525,12.54,12.56,12.54,12.56,133321
F,201701031526,12.56,12.56,12.55,12.56,50242
F,201701031527,12.56,12.57,12.55,12.56,115318
F,201701031528,12.56,12.57,12.56,12.56,24863
F,201701031529,12.56,12.57,12.56,12.56,20567
F,201701031530,12.57,12.57,12.54,12.54,176270
F,201701031531,12.54,12.55,12.53,12.54,136540
F,201701031532,12.54,12.54,12.53,12.53,67175
F,201701031533,12.54,12.55,12.53,12.55,124310
F,201701031534,12.55,12.56,12.54,12.56,117710
F,201701031535,12.56,12.56,12.55,12.55,50370
F,201701031536,12.55,12.56,12.55,12.56,40267
F,201701031537,12.55,12.56,12.55,12.55,31612
F,201701031538,12.56,12.56,12.55,12.56,109219
F,201701031539,12.56,12.58,12.55,12.57,271730
F,201701031540,12.57,12.58,12.56,12.58,72011
F,201701031541,12.58,12.58,12.57,12.58,64337
F,201701031542,12.57,12.58,12.57,12.58,128492
F,201701031543,12.57,12.58,12.57,12.58,94729
F,201701031544,12.58,12.59,12.57,12.59,129549
F,201701031545,12.59,12.6,12.58,12.59,287414
F,201701031546,12.59,12.6,12.59,12.59,138253
F,201701031547,12.6,12.6,12.59,12.6,72905
F,201701031548,12.6,12.6,12.59,12.6,123204
F,201701031549,12.59,12.6,12.59,12.6,166104
F,201701031550,12.59,12.6,12.59,12.59,171557
F,201701031551,12.59,12.6,12.58,12.58,187838
F,201701031552,12.58,12.59,12.58,12.58,123055
F,201701031553,12.58,12.59,12.58,12.59,76887
F,201701031554,12.58,12.59,12.58,12.59,90136
F,201701031555,12.58,12.59,12.58,12.58,118565
F,201701031556,12.58,12.59,12.58,12.58,239175
F,201701031557,12.58,12.59,12.58,12.59,282729
F,201701031558,12.59,12.59,12.58,12.58,334966
F,201701031559,12.58,12.59,12.58,12.58,1106593
F,201701031600,12.59,12.59,12.59,12.59,270
F,201701031601,12.6,12.61,12.59,12.6,2232736
F,201701031603,12.62,12.62,12.62,12.62,1700
F,201701031604,12.62,12.64,12.62,12.64,450
F,201701031605,12.62,12.62,12.62,12.62,2400
F,201701031607,12.6,12.6,12.6,12.6,300
F,201701031610,12.62,12.62,12.48,12.48,9997
F,201701031612,12.61,12.62,12.61,12.62,805
F,201701031616,12.62,12.62,12.62,12.62,154
F,201701031646,12.6,12.6,12.6,12.6,302
F,201701031648,12.59,12.59,12.59,12.59,390
F,201701031652,12.59,12.59,12.59,12.59,150
F,201701031655,12.59,12.59,12.59,12.59,2720
