<ticker>,<date>,<open>,<high>,<low>,<close>,<vol>
FOXA,201701260928,30.32,30.37,30.32,30.37,600
FOXA,201701260929,30.46,30.46,30.46,30.46,467
FOXA,201701260930,30.43,30.43,30.31,30.41,321816
FOXA,201701260931,30.43,30.57,30.43,30.48,45838
FOXA,201701260932,30.48,30.48,30.41,30.41,9700
FOXA,201701260933,30.51,30.57,30.5,30.55,10100
FOXA,201701260934,30.5,30.55,30.48,30.51,15070
FOXA,201701260935,30.52,30.56,30.49,30.5,29398
FOXA,201701260936,30.5,30.56,30.5,30.56,37896
FOXA,201701260937,30.56,30.68,30.56,30.68,48666
FOXA,201701260938,30.68,30.81,30.67,30.81,114103
FOXA,201701260939,30.8,30.92,30.79,30.91,109414
FOXA,201701260940,30.9,30.92,30.83,30.91,98532
FOXA,201701260941,30.91,31.05,30.91,31.03,157533
FOXA,201701260942,31.03,31.13,31.03,31.09,156655
FOXA,201701260943,31.09,31.15,31.09,31.15,79815
FOXA,201701260944,31.15,31.19,31.09,31.09,124379
FOXA,201701260945,31.08,31.08,30.93,30.93,53843
FOXA,201701260946,30.92,30.95,30.92,30.95,22937
FOXA,201701260947,30.95,30.99,30.95,30.95,34159
FOXA,201701260948,30.95,30.99,30.93,30.99,132501
FOXA,201701260949,30.98,31.08,30.98,31.08,88938
FOXA,201701260950,31.08,31.1,31.07,31.09,46314
FOXA,201701260951,31.08,31.19,31.07,31.19,60272
FOXA,201701260952,31.18,31.23,31.18,31.23,59913
FOXA,201701260953,31.23,31.25,31.22,31.23,64120
FOXA,201701260954,31.23,31.24,31.22,31.22,57724
FOXA,201701260955,31.22,31.26,31.18,31.2,63611
FOXA,201701260956,31.21,31.32,31.2,31.29,101775
FOXA,201701260957,31.29,31.31,31.25,31.31,210366
FOXA,201701260958,31.31,31.43,31.3,31.43,160833
FOXA,201701260959,31.42,31.5,31.35,31.47,199779
FOXA,201701261000,31.5,31.5,31.4,31.42,115169
FOXA,201701261001,31.42,31.44,31.36,31.43,63677
FOXA,201701261002,31.43,31.46,31.42,31.45,38054
FOXA,201701261003,31.45,31.49,31.45,31.49,41181
FOXA,201701261004,31.49,31.55,31.48,31.53,63963
FOXA,201701261005,31.53,31.61,31.51,31.52,126140
FOXA,201701261006,31.52,31.52,31.36,31.37,106696
FOXA,201701261007,31.37,31.41,31.33,31.41,137733
FOXA,201701261008,31.4,31.42,31.39,31.41,20673
FOXA,201701261009,31.41,31.44,31.37,31.4,110785
FOXA,201701261010,31.4,31.47,31.4,31.46,45234
FOXA,201701261011,31.46,31.54,31.45,31.53,33796
FOXA,201701261012,31.53,31.53,31.48,31.48,24102
FOXA,201701261013,31.48,31.48,31.46,31.46,32052
FOXA,201701261014,31.46,31.52,31.46,31.52,29659
FOXA,201701261015,31.52,31.52,31.46,31.46,38373
FOXA,201701261016,31.46,31.46,31.36,31.37,103676
FOXA,201701261017,31.37,31.41,31.35,31.35,55768
FOXA,201701261018,31.35,31.39,31.35,31.38,72455
FOXA,201701261019,31.38,31.39,31.38,31.38,32335
FOXA,201701261020,31.38,31.4,31.38,31.39,147252
FOXA,201701261021,31.39,31.39,31.35,31.36,75297
FOXA,201701261022,31.35,31.36,31.31,31.31,46968
FOXA,201701261023,31.32,31.34,31.31,31.33,48134
FOXA,201701261024,31.33,31.33,31.3,31.3,29489
FOXA,201701261025,31.3,31.32,31.29,31.31,37040
FOXA,201701261026,31.31,31.33,31.3,31.32,52240
FOXA,201701261027,31.32,31.32,31.3,31.3,32802
FOXA,201701261028,31.3,31.32,31.3,31.32,20554
FOXA,201701261029,31.32,31.34,31.32,31.33,49875
FOXA,201701261030,31.33,31.34,31.32,31.32,51269
FOXA,201701261031,31.33,31.33,31.31,31.31,12396
FOXA,201701261032,31.31,31.32,31.29,31.29,29459
FOXA,201701261033,31.29,31.32,31.26,31.32,138132
FOXA,201701261034,31.31,31.33,31.31,31.32,27966
FOXA,201701261035,31.32,31.32,31.31,31.32,22890
FOXA,201701261036,31.32,31.32,31.3,31.3,14500
FOXA,201701261037,31.3,31.31,31.28,31.28,19788
FOXA,201701261038,31.28,31.28,31.25,31.25,10378
FOXA,201701261039,31.26,31.27,31.24,31.24,34532
FOXA,201701261040,31.24,31.25,31.23,31.24,34725
FOXA,201701261041,31.24,31.26,31.22,31.25,21184
FOXA,201701261042,31.25,31.25,31.23,31.23,10485
FOXA,201701261043,31.24,31.26,31.23,31.26,13312
FOXA,201701261044,31.26,31.26,31.17,31.17,38941
FOXA,201701261045,31.17,31.18,31.15,31.15,59461
FOXA,201701261046,31.15,31.16,31.12,31.12,21882
FOXA,201701261047,31.12,31.17,31.12,31.17,52462
FOXA,201701261048,31.16,31.18,31.15,31.18,18361
FOXA,201701261049,31.18,31.19,31.17,31.19,24182
FOXA,201701261050,31.19,31.2,31.19,31.19,13500
FOXA,201701261051,31.2,31.2,31.16,31.2,243754
FOXA,201701261052,31.21,31.27,31.2,31.26,54545
FOXA,201701261053,31.26,31.27,31.25,31.26,15700
FOXA,201701261054,31.27,31.29,31.26,31.27,33809
FOXA,201701261055,31.27,31.3,31.27,31.29,70944
FOXA,201701261056,31.29,31.31,31.27,31.3,83337
FOXA,201701261057,31.3,31.31,31.29,31.29,52621
FOXA,201701261058,31.29,31.3,31.28,31.28,21673
FOXA,201701261059,31.28,31.29,31.24,31.24,32438
FOXA,201701261100,31.24,31.26,31.23,31.24,39491
FOXA,201701261101,31.24,31.25,31.23,31.23,9600
FOXA,201701261102,31.22,31.23,31.22,31.22,3840
FOXA,201701261103,31.22,31.25,31.22,31.24,47644
FOXA,201701261104,31.25,31.3,31.24,31.3,123041
FOXA,201701261105,31.3,31.31,31.29,31.29,17234
FOXA,201701261106,31.3,31.3,31.25,31.25,27144
FOXA,201701261107,31.25,31.3,31.25,31.29,28525
FOXA,201701261108,31.29,31.3,31.28,31.3,20494
FOXA,201701261109,31.3,31.3,31.29,31.29,53305
FOXA,201701261110,31.3,31.31,31.29,31.3,38384
FOXA,201701261111,31.31,31.31,31.3,31.3,10100
FOXA,201701261112,31.31,31.32,31.29,31.32,65584
FOXA,201701261113,31.32,31.33,31.31,31.33,18795
FOXA,201701261114,31.33,31.33,31.31,31.32,17637
FOXA,201701261115,31.32,31.32,31.29,31.3,27360
FOXA,201701261116,31.29,31.3,31.29,31.29,2135
FOXA,201701261117,31.29,31.3,31.27,31.29,14833
FOXA,201701261118,31.27,31.27,31.25,31.26,21427
FOXA,201701261119,31.26,31.27,31.26,31.26,3584
FOXA,201701261120,31.27,31.29,31.26,31.29,26074
FOXA,201701261121,31.29,31.29,31.28,31.29,2547
FOXA,201701261122,31.29,31.29,31.28,31.28,3650
FOXA,201701261123,31.28,31.29,31.25,31.25,28142
FOXA,201701261124,31.25,31.25,31.24,31.24,11900
FOXA,201701261125,31.23,31.23,31.21,31.22,21759
FOXA,201701261126,31.23,31.23,31.22,31.22,6726
FOXA,201701261127,31.22,31.23,31.22,31.22,3475
FOXA,201701261128,31.22,31.23,31.2,31.2,14056
FOXA,201701261129,31.2,31.21,31.2,31.2,2140
FOXA,201701261130,31.2,31.21,31.17,31.17,15326
FOXA,201701261131,31.16,31.17,31.14,31.14,9236
FOXA,201701261132,31.15,31.17,31.14,31.16,38041
FOXA,201701261133,31.16,31.2,31.16,31.2,15695
FOXA,201701261134,31.19,31.2,31.18,31.18,14660
FOXA,201701261135,31.18,31.19,31.11,31.11,24266
FOXA,201701261136,31.12,31.12,31.11,31.12,11054
FOXA,201701261137,31.13,31.15,31.12,31.13,34225
FOXA,201701261138,31.14,31.14,31.13,31.13,5461
FOXA,201701261139,31.14,31.14,31.09,31.1,22724
FOXA,201701261140,31.11,31.12,31.08,31.09,18883
FOXA,201701261141,31.09,31.12,31.08,31.11,18087
FOXA,201701261142,31.11,31.13,31.1,31.12,23442
FOXA,201701261143,31.13,31.13,31.1,31.11,23333
FOXA,201701261144,31.1,31.11,31.08,31.11,29902
FOXA,201701261145,31.1,31.1,31.09,31.1,8830
FOXA,201701261146,31.1,31.11,31.1,31.1,7668
FOXA,201701261147,31.1,31.11,31.1,31.1,3338
FOXA,201701261148,31.1,31.12,31.09,31.09,30709
FOXA,201701261149,31.08,31.09,31.07,31.08,21496
FOXA,201701261150,31.09,31.1,31.08,31.09,11930
FOXA,201701261151,31.09,31.1,31.08,31.1,11084
FOXA,201701261152,31.09,31.09,31.07,31.07,24343
FOXA,201701261153,31.08,31.09,31.07,31.08,10919
FOXA,201701261154,31.08,31.1,31.08,31.08,25419
FOXA,201701261155,31.08,31.09,31.07,31.09,31928
FOXA,201701261156,31.08,31.1,31.08,31.09,10754
FOXA,201701261157,31.09,31.11,31.09,31.11,13895
FOXA,201701261158,31.11,31.11,31.09,31.09,5407
FOXA,201701261159,31.09,31.1,31.09,31.09,1530
FOXA,201701261200,31.1,31.1,31.09,31.1,7187
FOXA,201701261201,31.09,31.11,31.09,31.11,5195
FOXA,201701261202,31.1,31.1,31.09,31.1,7845
FOXA,201701261203,31.09,31.09,31.04,31.05,15416
FOXA,201701261204,31.05,31.05,31.04,31.05,4386
FOXA,201701261205,31.06,31.06,31.05,31.05,10998
FOXA,201701261206,31.05,31.06,31.05,31.06,400
FOXA,201701261207,31.06,31.06,31.05,31.05,3700
FOXA,201701261208,31.06,31.07,31.05,31.06,22073
FOXA,201701261209,31.07,31.08,31.07,31.08,11600
FOXA,201701261210,31.09,31.09,31.07,31.07,23605
FOXA,201701261211,31.07,31.07,31.05,31.07,19190
FOXA,201701261212,31.07,31.07,31.04,31.05,23507
FOXA,201701261213,31.04,31.06,31.04,31.06,12500
FOXA,201701261214,31.06,31.06,31.05,31.05,5700
FOXA,201701261215,31.05,31.05,31.02,31.03,9462
FOXA,201701261216,31.02,31.02,31.02,31.02,3162
FOXA,201701261217,31.01,31.01,31,31,10500
FOXA,201701261218,31,31,31,31,3862
FOXA,201701261219,31,31.03,30.99,31.03,75323
FOXA,201701261220,31.03,31.03,31.01,31.01,32352
FOXA,201701261221,31.02,31.02,30.99,31,156366
FOXA,201701261222,31,31.01,30.99,30.99,10800
FOXA,201701261223,30.99,30.99,30.98,30.98,6202
FOXA,201701261224,30.99,30.99,30.98,30.99,20461
FOXA,201701261225,30.98,30.98,30.97,30.98,19771
FOXA,201701261226,30.98,30.98,30.96,30.98,26453
FOXA,201701261227,30.97,30.97,30.96,30.97,7462
FOXA,201701261228,30.96,30.96,30.94,30.95,71416
FOXA,201701261229,30.95,30.96,30.94,30.96,8404
FOXA,201701261230,30.96,30.97,30.95,30.95,18000
FOXA,201701261231,30.96,30.96,30.95,30.95,3910
FOXA,201701261232,30.95,30.96,30.95,30.96,19451
FOXA,201701261233,30.96,30.98,30.96,30.97,23210
FOXA,201701261234,30.96,30.97,30.96,30.97,14830
FOXA,201701261235,30.96,30.96,30.96,30.96,16286
FOXA,201701261236,30.97,30.97,30.96,30.96,5900
FOXA,201701261237,30.95,30.96,30.95,30.96,300
FOXA,201701261238,30.96,30.97,30.96,30.96,5200
FOXA,201701261239,30.97,30.97,30.96,30.97,25900
FOXA,201701261240,30.97,30.97,30.96,30.97,11700
FOXA,201701261241,30.98,30.98,30.96,30.96,10990
FOXA,201701261242,30.96,30.97,30.96,30.97,9483
FOXA,201701261243,30.97,30.98,30.97,30.98,900
FOXA,201701261244,30.98,30.98,30.97,30.98,3072
FOXA,201701261245,30.98,31.01,30.98,31,8756
FOXA,201701261246,31.01,31.03,31.01,31.03,5592
FOXA,201701261247,31.03,31.03,31.02,31.03,7906
FOXA,201701261248,31.02,31.03,31.02,31.03,1934
FOXA,201701261249,31.03,31.05,31.03,31.05,2699
FOXA,201701261250,31.04,31.04,31.03,31.03,18870
FOXA,201701261251,31.03,31.03,31.02,31.03,13232
FOXA,201701261252,31.02,31.03,31.02,31.03,4669
FOXA,201701261253,31.03,31.05,31.03,31.05,7018
FOXA,201701261254,31.05,31.05,31.04,31.04,10281
FOXA,201701261255,31.04,31.04,31.03,31.03,15390
FOXA,201701261256,31.03,31.03,31.03,31.03,2100
FOXA,201701261257,31.03,31.03,31.03,31.03,1200
FOXA,201701261258,31.03,31.04,31.03,31.03,1100
FOXA,201701261259,31.03,31.05,31.03,31.05,11838
FOXA,201701261300,31.05,31.06,31.05,31.05,4200
FOXA,201701261301,31.05,31.05,31.04,31.04,10368
FOXA,201701261302,31.04,31.05,31.04,31.04,6392
FOXA,201701261303,31.05,31.05,31.04,31.04,22728
FOXA,201701261304,31.05,31.05,31.04,31.04,2753
FOXA,201701261305,31.04,31.05,31.04,31.05,17567
FOXA,201701261306,31.05,31.05,31.04,31.04,3244
FOXA,201701261307,31.05,31.05,31.04,31.05,52323
FOXA,201701261308,31.05,31.05,31.04,31.04,4155
FOXA,201701261309,31.04,31.05,31.04,31.05,2906
FOXA,201701261310,31.05,31.05,31.04,31.05,4342
FOXA,201701261311,31.05,31.05,31.04,31.05,4600
FOXA,201701261312,31.04,31.05,31.04,31.05,1300
FOXA,201701261313,31.04,31.05,31.04,31.04,53296
FOXA,201701261314,31.05,31.05,31.04,31.04,1000
FOXA,201701261315,31.04,31.05,31.04,31.04,4240
FOXA,201701261316,31.05,31.05,31.01,31.01,47745
FOXA,201701261317,31.01,31.02,30.98,30.99,216819
FOXA,201701261318,30.98,31,30.97,30.99,38566
FOXA,201701261319,30.99,31,30.99,31,18600
FOXA,201701261320,30.99,31,30.99,31,23914
FOXA,201701261321,31,31,30.98,30.99,16244
FOXA,201701261322,30.99,31.01,30.99,31,22587
FOXA,201701261323,31,31.03,31,31.02,24436
FOXA,201701261324,31.02,31.03,31.02,31.02,2178
FOXA,201701261325,31.02,31.02,31.01,31.01,13790
FOXA,201701261326,31.01,31.02,31.01,31.02,5200
FOXA,201701261327,31.01,31.02,31.01,31.01,3295
FOXA,201701261328,31.01,31.01,31.01,31.01,2984
FOXA,201701261329,31.01,31.01,31.01,31.01,1600
FOXA,201701261330,31.01,31.04,31.01,31.04,22082
FOXA,201701261331,31.03,31.05,31.03,31.05,12658
FOXA,201701261332,31.04,31.05,31.04,31.05,4395
FOXA,201701261333,31.05,31.05,31.04,31.05,3600
FOXA,201701261334,31.04,31.05,31.04,31.04,2400
FOXA,201701261335,31.04,31.08,31.04,31.08,19489
FOXA,201701261336,31.08,31.08,31.07,31.08,6968
FOXA,201701261337,31.08,31.1,31.07,31.1,19519
FOXA,201701261338,31.1,31.1,31.09,31.1,48097
FOXA,201701261339,31.09,31.12,31.09,31.11,11851
FOXA,201701261340,31.11,31.12,31.11,31.12,21040
FOXA,201701261341,31.12,31.12,31.12,31.12,1190
FOXA,201701261342,31.12,31.12,31.11,31.12,2400
FOXA,201701261343,31.12,31.12,31.05,31.05,67820
FOXA,201701261344,31.06,31.07,31.05,31.07,14450
FOXA,201701261345,31.06,31.06,31.04,31.04,23736
FOXA,201701261346,31.03,31.04,31.01,31.03,21264
FOXA,201701261347,31.02,31.02,31,31.01,45316
FOXA,201701261348,31.01,31.03,31,31.03,36064
FOXA,201701261349,31.02,31.03,31.02,31.03,600
FOXA,201701261350,31.04,31.05,31.01,31.04,31141
FOXA,201701261351,31.04,31.04,31.03,31.03,5818
FOXA,201701261352,31.04,31.04,31.03,31.03,3000
FOXA,201701261353,31.03,31.04,31.03,31.03,1600
FOXA,201701261354,31.04,31.04,31.01,31.01,29271
FOXA,201701261355,31,31.01,31,31,51110
FOXA,201701261356,31,31,30.99,30.99,4499
FOXA,201701261357,31,31,30.99,30.99,8800
FOXA,201701261358,31,31,30.99,30.99,43097
FOXA,201701261359,31,31,30.99,30.99,6330
FOXA,201701261400,31,31.01,30.1,31,25045
FOXA,201701261401,30.99,31,30.99,31,2500
FOXA,201701261402,31,31,30.99,31,1200
FOXA,201701261403,31,31,30.1,31,14812
FOXA,201701261404,31,31.01,30.99,31,11245
FOXA,201701261405,31,31.01,31,31.01,3600
FOXA,201701261406,31.01,31.04,31,31.04,13253
FOXA,201701261407,31.04,31.06,31.04,31.06,6548
FOXA,201701261408,31.07,31.1,31.07,31.09,81644
FOXA,201701261409,31.09,31.09,31.08,31.08,17327
FOXA,201701261410,31.08,31.08,31.06,31.06,19888
FOXA,201701261411,31.06,31.09,31.06,31.09,17041
FOXA,201701261412,31.08,31.09,31.08,31.08,25952
FOXA,201701261413,31.08,31.1,31.08,31.1,8900
FOXA,201701261414,31.09,31.09,31.07,31.07,10570
FOXA,201701261415,31.07,31.07,31.05,31.05,11545
FOXA,201701261416,31.05,31.06,31.04,31.05,11243
FOXA,201701261417,31.05,31.06,31.05,31.05,2832
FOXA,201701261418,31.05,31.07,31.05,31.07,6280
FOXA,201701261419,31.07,31.07,31.06,31.07,2842
FOXA,201701261420,31.06,31.07,31.06,31.06,4350
FOXA,201701261421,31.07,31.07,31.05,31.05,22210
FOXA,201701261422,31.05,31.06,31.05,31.06,2393
FOXA,201701261423,31.06,31.06,31.05,31.06,1297
FOXA,201701261424,31.05,31.08,31.05,31.08,10143
FOXA,201701261425,31.08,31.08,31.07,31.08,4300
FOXA,201701261426,31.07,31.08,31.07,31.08,10616
FOXA,201701261427,31.08,31.08,31.06,31.06,17245
FOXA,201701261428,31.06,31.08,31.06,31.06,16842
FOXA,201701261429,31.06,31.07,31.06,31.07,516
FOXA,201701261430,31.06,31.06,31.03,31.03,48494
FOXA,201701261431,31.05,31.06,31.04,31.06,13822
FOXA,201701261432,31.04,31.05,31.04,31.05,2100
FOXA,201701261433,31.05,31.06,31.04,31.06,30897
FOXA,201701261434,31.07,31.07,31.05,31.05,16826
FOXA,201701261435,31.06,31.07,31.06,31.07,3200
FOXA,201701261436,31.07,31.07,31.06,31.06,3697
FOXA,201701261437,31.06,31.07,31.06,31.07,1732
FOXA,201701261438,31.06,31.07,31.01,31.01,34607
FOXA,201701261439,31.01,31.02,31,31.02,17299
FOXA,201701261440,31.02,31.03,31.01,31.02,3246
FOXA,201701261441,31.03,31.03,31.02,31.03,3140
FOXA,201701261442,31.03,31.03,31.02,31.02,8071
FOXA,201701261443,31.02,31.02,30.99,31,42176
FOXA,201701261444,31,31.01,31,31,16949
FOXA,201701261445,31,31.02,31,31.02,11141
FOXA,201701261446,31.01,31.02,31.01,31.02,4890
FOXA,201701261447,31.02,31.03,31.02,31.03,8962
FOXA,201701261448,31.03,31.03,31.02,31.02,1981
FOXA,201701261449,31.02,31.03,31.01,31.02,28205
FOXA,201701261450,31.01,31.02,31,31,8600
FOXA,201701261451,31,31.01,31,31,2100
FOXA,201701261452,31.01,31.04,31,31.03,17692
FOXA,201701261453,31.03,31.04,31.02,31.03,11241
FOXA,201701261454,31.02,31.03,31.02,31.02,2485
FOXA,201701261455,31.03,31.03,31.02,31.02,1642
FOXA,201701261456,31.03,31.04,31.02,31.03,6951
FOXA,201701261457,31.03,31.05,31.03,31.04,4762
FOXA,201701261458,31.05,31.05,31.01,31.01,19603
FOXA,201701261459,31.01,31.02,31,31.02,10338
FOXA,201701261500,31.01,31.02,31.01,31.01,1575
FOXA,201701261501,31.02,31.03,31.01,31.01,15519
FOXA,201701261502,31,31.01,31,31,1750
FOXA,201701261503,31.01,31.02,31,31,13723
FOXA,201701261504,31,31.01,31,31,6855
FOXA,201701261505,31,31.01,31,31,5763
FOXA,201701261506,31,31.01,30.98,30.98,21190
FOXA,201701261507,30.98,30.98,30.96,30.98,21348
FOXA,201701261508,30.98,30.99,30.97,30.98,8150
FOXA,201701261509,30.98,30.99,30.98,30.99,3460
FOXA,201701261510,30.99,30.99,30.98,30.99,3300
FOXA,201701261511,30.98,30.99,30.98,30.99,30999
FOXA,201701261512,30.98,30.99,30.98,30.98,117214
FOXA,201701261513,30.99,30.99,30.98,30.98,30388
FOXA,201701261514,30.98,30.99,30.98,30.99,8777
FOXA,201701261515,30.99,31.01,30.98,31,27045
FOXA,201701261516,31,31.01,30.99,30.99,37553
FOXA,201701261517,30.99,31,30.99,30.99,8817
FOXA,201701261518,30.1,31,30.1,31,6067
FOXA,201701261519,31,31,30.99,30.99,4300
FOXA,201701261520,30.99,31,30.99,31,6743
FOXA,201701261521,30.99,31,30.99,30.99,4787
FOXA,201701261522,30.99,31.01,30.99,31,24106
FOXA,201701261523,31.01,31.01,31,31.01,6254
FOXA,201701261524,31.01,31.02,31,31,16728
FOXA,201701261525,31.02,31.03,31.01,31.02,16132
FOXA,201701261526,31.02,31.03,31.02,31.02,6219
FOXA,201701261527,31.02,31.03,31.02,31.02,8888
FOXA,201701261528,31.03,31.03,31,31,67931
FOXA,201701261529,31,31.01,31,31,8117
FOXA,201701261530,31,31.02,31,31.01,18035
FOXA,201701261531,31.02,31.03,31.01,31.02,16832
FOXA,201701261532,31.03,31.04,31.02,31.04,14265
FOXA,201701261533,31.04,31.04,31.03,31.04,11347
FOXA,201701261534,31.04,31.05,31.04,31.05,5824
FOXA,201701261535,31.05,31.06,31.04,31.05,88624
FOXA,201701261536,31.06,31.06,31.05,31.05,3017
FOXA,201701261537,31.05,31.06,31.05,31.05,17370
FOXA,201701261538,31.05,31.06,31.05,31.06,17789
FOXA,201701261539,31.05,31.06,31.02,31.02,87812
FOXA,201701261540,31.03,31.03,31.02,31.02,13465
FOXA,201701261541,31.02,31.03,31,31,46629
FOXA,201701261542,31,31.01,30.99,30.99,43231
FOXA,201701261543,31,31.01,30.99,31.01,17089
FOXA,201701261544,31.01,31.01,31,31.01,8154
FOXA,201701261545,31.01,31.03,31,31.03,27980
FOXA,201701261546,31.02,31.03,31.02,31.03,8743
FOXA,201701261547,31.03,31.04,31.01,31.01,54347
FOXA,201701261548,31.01,31.02,31.01,31.01,174330
FOXA,201701261549,31.01,31.02,31.01,31.01,13375
FOXA,201701261550,31.02,31.02,31.01,31.01,17342
FOXA,201701261551,31.01,31.01,31,31.01,32699
FOXA,201701261552,31,31.01,31,31,23806
FOXA,201701261553,31,31.03,31,31.03,64007
FOXA,201701261554,31.03,31.05,31.03,31.04,29152
FOXA,201701261555,31.05,31.05,31.04,31.04,20420
FOXA,201701261556,31.05,31.05,31.02,31.02,94297
FOXA,201701261557,31.02,31.03,31.01,31.01,44691
FOXA,201701261558,31.01,31.02,31,31.02,108094
FOXA,201701261559,31.01,31.02,31,31.01,173499
FOXA,201701261600,31,31,31,31,313438
FOXA,201701261613,31,31,31,31,1391
FOXA,201701261614,31,31,31,31,4243
