<ticker>,<date>,<open>,<high>,<low>,<close>,<vol>
GM,201701250901,37.6,37.6,37.6,37.6,199
GM,201701250902,37.61,37.61,37.61,37.61,225
GM,201701250906,37.6,37.6,37.6,37.6,801
GM,201701250907,37.6,37.6,37.6,37.6,390
GM,201701250914,37.6,37.6,37.6,37.6,1900
GM,201701250915,37.6,37.61,37.6,37.61,991
GM,201701250916,37.65,37.65,37.65,37.65,100
GM,201701250918,37.7,37.7,37.7,37.7,600
GM,201701250920,37.65,37.65,37.65,37.65,900
GM,201701250921,37.69,37.69,37.69,37.69,100
GM,201701250925,37.65,37.65,37.65,37.65,500
GM,201701250926,37.65,37.67,37.65,37.65,3707
GM,201701250927,37.63,37.63,37.6,37.6,2667
GM,201701250928,37.66,37.67,37.66,37.67,1047
GM,201701250929,37.67,37.67,37.67,37.67,115
GM,201701250930,37.71,37.74,37.6,37.69,369303
GM,201701250931,37.69,37.88,37.67,37.79,118506
GM,201701250932,37.81,37.95,37.81,37.95,89119
GM,201701250933,37.94,38,37.1,37.99,228132
GM,201701250934,37.99,38.02,37.91,37.93,180966
GM,201701250935,37.93,37.96,37.91,37.95,151473
GM,201701250936,37.96,38.03,37.1,38.02,157592
GM,201701250937,38.03,38.03,37.93,37.99,97990
GM,201701250938,38,38.02,37.1,37.96,148859
GM,201701250939,37.97,38,37.9,37.97,76263
GM,201701250940,38,38,37.1,37.98,59433
GM,201701250941,37.98,37.98,37.93,37.93,41513
GM,201701250942,37.92,37.94,37.85,37.87,152002
GM,201701250943,37.86,37.93,37.84,37.9,52035
GM,201701250944,37.9,37.95,37.86,37.87,53018
GM,201701250945,37.87,37.91,37.87,37.89,27711
GM,201701250946,37.88,37.92,37.87,37.92,47448
GM,201701250947,37.92,37.94,37.91,37.94,62812
GM,201701250948,37.94,37.96,37.93,37.95,56806
GM,201701250949,37.94,37.99,37.94,37.98,62143
GM,201701250950,37.98,38,37.1,37.99,112073
GM,201701250951,38,38.01,37.1,38,63819
GM,201701250952,37.99,38.01,37.97,38.01,119184
GM,201701250953,38,38.01,37.1,38,36587
GM,201701250954,38,38.03,38,38,282655
GM,201701250955,38.01,38.1,38,38.1,252290
GM,201701250956,38.1,38.15,38.09,38.12,114151
GM,201701250957,38.13,38.16,38.11,38.12,62160
GM,201701250958,38.13,38.15,38.12,38.15,47785
GM,201701250959,38.14,38.21,38.12,38.19,330590
GM,201701251000,38.19,38.24,38.19,38.21,209266
GM,201701251001,38.21,38.33,38.21,38.31,279780
GM,201701251002,38.31,38.32,38.24,38.26,87180
GM,201701251003,38.25,38.26,38.24,38.24,24157
GM,201701251004,38.24,38.32,38.21,38.21,226141
GM,201701251005,38.21,38.23,38.18,38.2,90967
GM,201701251006,38.21,38.25,38.2,38.2,22820
GM,201701251007,38.25,38.25,38.22,38.22,44522
GM,201701251008,38.22,38.22,38.18,38.21,173882
GM,201701251009,38.21,38.26,38.21,38.25,84558
GM,201701251010,38.25,38.32,38.25,38.31,83399
GM,201701251011,38.31,38.37,38.3,38.34,150686
GM,201701251012,38.35,38.37,38.34,38.34,70770
GM,201701251013,38.34,38.36,38.34,38.34,47300
GM,201701251014,38.34,38.35,38.34,38.34,21743
GM,201701251015,38.34,38.36,38.33,38.34,93841
GM,201701251016,38.34,38.35,38.27,38.27,88031
GM,201701251017,38.27,38.27,38.23,38.27,32156
GM,201701251018,38.26,38.29,38.26,38.28,12014
GM,201701251019,38.28,38.28,38.26,38.26,17773
GM,201701251020,38.26,38.27,38.24,38.25,44163
GM,201701251021,38.25,38.28,38.25,38.28,26590
GM,201701251022,38.28,38.3,38.28,38.3,18426
GM,201701251023,38.29,38.33,38.29,38.31,29199
GM,201701251024,38.3,38.32,38.3,38.32,8399
GM,201701251025,38.32,38.33,38.31,38.32,17365
GM,201701251026,38.31,38.33,38.3,38.33,20185
GM,201701251027,38.33,38.34,38.31,38.31,24214
GM,201701251028,38.3,38.3,38.24,38.25,51221
GM,201701251029,38.25,38.25,38.21,38.22,31554
GM,201701251030,38.22,38.23,38.15,38.23,53451
GM,201701251031,38.18,38.18,38.16,38.16,19947
GM,201701251032,38.17,38.18,38.16,38.17,23522
GM,201701251033,38.17,38.18,38.16,38.17,17499
GM,201701251034,38.18,38.18,38.12,38.12,37383
GM,201701251035,38.12,38.15,38.12,38.15,38406
GM,201701251036,38.15,38.16,38.12,38.13,60208
GM,201701251037,38.13,38.15,38.12,38.15,42850
GM,201701251038,38.14,38.17,38.14,38.17,24165
GM,201701251039,38.16,38.17,38.15,38.16,17100
GM,201701251040,38.17,38.2,38.16,38.17,57229
GM,201701251041,38.17,38.19,38.16,38.16,28733
GM,201701251042,38.16,38.18,38.15,38.17,14840
GM,201701251043,38.18,38.21,38.17,38.2,71658
GM,201701251044,38.21,38.25,38.19,38.23,36405
GM,201701251045,38.23,38.25,38.2,38.2,25695
GM,201701251046,38.2,38.23,38.2,38.23,33686
GM,201701251047,38.23,38.24,38.19,38.19,24222
GM,201701251048,38.18,38.2,38.18,38.19,21905
GM,201701251049,38.19,38.22,38.19,38.21,25322
GM,201701251050,38.21,38.22,38.21,38.21,19909
GM,201701251051,38.21,38.26,38.21,38.26,86884
GM,201701251052,38.25,38.25,38.24,38.25,18190
GM,201701251053,38.24,38.25,38.24,38.25,18198
GM,201701251054,38.25,38.25,38.22,38.24,85943
GM,201701251055,38.24,38.24,38.2,38.23,36164
GM,201701251056,38.22,38.23,38.21,38.21,12488
GM,201701251057,38.21,38.23,38.21,38.23,28706
GM,201701251058,38.23,38.26,38.23,38.24,82946
GM,201701251059,38.24,38.26,38.24,38.25,30291
GM,201701251100,38.25,38.26,38.2,38.21,34999
GM,201701251101,38.21,38.22,38.18,38.19,28609
GM,201701251102,38.2,38.21,38.18,38.2,25986
GM,201701251103,38.2,38.22,38.19,38.2,42121
GM,201701251104,38.19,38.23,38.19,38.23,9739
GM,201701251105,38.23,38.24,38.22,38.23,51629
GM,201701251106,38.22,38.25,38.22,38.22,43683
GM,201701251107,38.22,38.23,38.2,38.22,16907
GM,201701251108,38.2,38.21,38.17,38.18,20007
GM,201701251109,38.19,38.2,38.18,38.19,8643
GM,201701251110,38.2,38.2,38.19,38.19,28501
GM,201701251111,38.19,38.21,38.18,38.21,28367
GM,201701251112,38.21,38.21,38.2,38.21,17030
GM,201701251113,38.2,38.2,38.18,38.18,43236
GM,201701251114,38.19,38.21,38.18,38.21,24676
GM,201701251115,38.2,38.22,38.2,38.22,27063
GM,201701251116,38.22,38.23,38.21,38.21,23082
GM,201701251117,38.21,38.21,38.19,38.2,22135
GM,201701251118,38.2,38.24,38.2,38.23,19243
GM,201701251119,38.22,38.23,38.21,38.21,33845
GM,201701251120,38.21,38.22,38.19,38.19,26996
GM,201701251121,38.19,38.19,38.16,38.16,16469
GM,201701251122,38.16,38.17,38.13,38.13,46570
GM,201701251123,38.14,38.19,38.13,38.17,25899
GM,201701251124,38.18,38.18,38.17,38.18,2754
GM,201701251125,38.17,38.17,38.16,38.16,38657
GM,201701251126,38.17,38.2,38.16,38.19,31071
GM,201701251127,38.19,38.2,38.19,38.2,9280
GM,201701251128,38.19,38.2,38.18,38.19,83098
GM,201701251129,38.2,38.2,38.19,38.2,5622
GM,201701251130,38.2,38.2,38.16,38.16,42984
GM,201701251131,38.16,38.17,38.16,38.16,5931
GM,201701251132,38.16,38.16,38.1,38.13,46274
GM,201701251133,38.12,38.12,38.1,38.11,34930
GM,201701251134,38.11,38.14,38.11,38.11,25652
GM,201701251135,38.13,38.13,38.11,38.12,34809
GM,201701251136,38.12,38.13,38.12,38.12,6550
GM,201701251137,38.12,38.13,38.11,38.11,18216
GM,201701251138,38.11,38.11,38.08,38.11,42066
GM,201701251139,38.1,38.1,38.05,38.06,59145
GM,201701251140,38.06,38.09,38.03,38.08,37478
GM,201701251141,38.08,38.08,38.06,38.07,17804
GM,201701251142,38.06,38.07,38.03,38.03,15126
GM,201701251143,38.03,38.04,38.02,38.04,26595
GM,201701251144,38.03,38.04,38.02,38.02,28936
GM,201701251145,38.02,38.02,38,38.01,42377
GM,201701251146,38.01,38.03,38.01,38.02,26535
GM,201701251147,38.02,38.03,38.02,38.02,9623
GM,201701251148,38.02,38.05,38.02,38.04,23621
GM,201701251149,38.04,38.06,38.03,38.03,28570
GM,201701251150,38.03,38.04,38.03,38.03,4065
GM,201701251151,38.03,38.04,38.01,38.01,24717
GM,201701251152,38.01,38.02,37.94,37.95,102361
GM,201701251153,37.94,37.99,37.94,37.97,57629
GM,201701251154,37.98,37.99,37.97,37.97,16431
GM,201701251155,37.97,38,37.97,38,13463
GM,201701251156,38,38.01,37.98,37.98,27656
GM,201701251157,37.98,38,37.98,37.99,22647
GM,201701251158,37.99,38.01,37.98,38,18177
GM,201701251159,37.99,38.01,37.1,38,15324
GM,201701251200,38,38.01,37.1,37.99,41582
GM,201701251201,37.99,38,37.1,38,6848
GM,201701251202,37.99,38,37.99,38,8597
GM,201701251203,38,38.01,37.99,38,18285
GM,201701251204,38,38.01,37.98,37.99,49701
GM,201701251205,37.99,37.99,37.96,37.98,31891
GM,201701251206,37.99,37.99,37.98,37.98,14629
GM,201701251207,37.98,38,37.97,37.98,27137
GM,201701251208,37.98,37.98,37.96,37.97,19667
GM,201701251209,37.96,37.97,37.95,37.97,20244
GM,201701251210,37.95,37.96,37.93,37.93,27485
GM,201701251211,37.93,37.96,37.93,37.95,30593
GM,201701251212,37.95,37.95,37.94,37.95,7400
GM,201701251213,37.94,37.97,37.94,37.96,35725
GM,201701251214,37.97,37.97,37.95,37.96,13915
GM,201701251215,37.95,37.96,37.95,37.96,17018
GM,201701251216,37.95,37.96,37.95,37.95,10422
GM,201701251217,37.95,37.96,37.92,37.92,23027
GM,201701251218,37.93,37.93,37.89,37.89,64940
GM,201701251219,37.89,37.9,37.87,37.89,43927
GM,201701251220,37.88,37.9,37.86,37.88,45591
GM,201701251221,37.88,37.88,37.84,37.84,37352
GM,201701251222,37.84,37.85,37.84,37.85,24869
GM,201701251223,37.84,37.85,37.82,37.85,54394
GM,201701251224,37.85,37.91,37.84,37.91,40316
GM,201701251225,37.91,37.91,37.89,37.91,19669
GM,201701251226,37.9,37.91,37.9,37.9,11061
GM,201701251227,37.91,37.94,37.91,37.91,17299
GM,201701251228,37.94,37.94,37.92,37.94,19983
GM,201701251229,37.93,37.95,37.9,37.92,43462
GM,201701251230,37.92,37.94,37.92,37.93,11420
GM,201701251231,37.94,37.94,37.93,37.94,13216
GM,201701251232,37.93,37.94,37.93,37.94,11492
GM,201701251233,37.93,37.94,37.93,37.94,5500
GM,201701251234,37.93,37.94,37.93,37.94,4425
GM,201701251235,37.93,37.99,37.93,37.99,46739
GM,201701251236,37.98,37.98,37.97,37.98,31158
GM,201701251237,37.98,37.98,37.96,37.98,18215
GM,201701251238,37.97,37.98,37.95,37.95,14444
GM,201701251239,37.95,37.97,37.95,37.95,19915
GM,201701251240,37.96,37.98,37.95,37.96,17047
GM,201701251241,37.96,37.96,37.95,37.95,2765
GM,201701251242,37.96,37.96,37.95,37.96,12856
GM,201701251243,37.96,37.96,37.95,37.95,12036
GM,201701251244,37.96,37.96,37.95,37.95,4950
GM,201701251245,37.96,37.96,37.95,37.95,4580
GM,201701251246,37.96,37.96,37.94,37.94,24206
GM,201701251247,37.95,37.95,37.94,37.94,5715
GM,201701251248,37.95,37.95,37.94,37.94,5790
GM,201701251249,37.95,37.98,37.94,37.98,44170
GM,201701251250,37.97,37.99,37.97,37.99,20474
GM,201701251251,37.99,38,37.1,38,39119
GM,201701251252,38,38,37.99,38,12467
GM,201701251253,38.01,38.01,38,38,5750
GM,201701251254,38,38.01,37.98,37.99,32935
GM,201701251255,38,38.01,37.99,37.99,16184
GM,201701251256,37.99,38,37.1,38,2650
GM,201701251257,38,38,37.1,37.99,3885
GM,201701251258,37.99,38,37.1,37.99,3375
GM,201701251259,38,38,37.99,38,3846
GM,201701251300,38,38,37.99,38,7400
GM,201701251301,38,38,37.1,37.99,4219
GM,201701251302,37.99,38,37.1,37.99,5088
GM,201701251303,38,38.01,37.99,38.01,12590
GM,201701251304,38,38.01,38,38,52083
GM,201701251305,38,38.01,38,38,5000
GM,201701251306,38,38.01,37.99,38,36823
GM,201701251307,38,38.01,37.1,37.1,6342
GM,201701251308,37.99,38,37.99,38,5997
GM,201701251309,38,38.01,37.1,38,31030
GM,201701251310,38,38.04,38,38.04,62676
GM,201701251311,38.03,38.05,38.03,38.04,27542
GM,201701251312,38.05,38.06,38.04,38.05,19380
GM,201701251313,38.05,38.05,38.04,38.04,5956
GM,201701251314,38.05,38.06,38.04,38.05,10348
GM,201701251315,38.05,38.05,38.04,38.05,10959
GM,201701251316,38.05,38.05,38.03,38.04,12545
GM,201701251317,38.03,38.05,38.03,38.04,16469
GM,201701251318,38.05,38.05,38.03,38.04,13991
GM,201701251319,38.03,38.05,38.03,38.05,13274
GM,201701251320,38.05,38.05,38.04,38.04,19975
GM,201701251321,38.05,38.05,38.04,38.05,14023
GM,201701251322,38.05,38.05,38.03,38.03,13975
GM,201701251323,38.03,38.04,38,38,19845
GM,201701251324,38,38.02,38,38,32108
GM,201701251325,38,38.01,38,38,32110
GM,201701251326,38.01,38.02,38,38.01,14404
GM,201701251327,38.02,38.02,38.01,38.01,4105
GM,201701251328,38.02,38.02,38.01,38.01,8701
GM,201701251329,38.02,38.02,38,38,19034
GM,201701251330,38.01,38.02,38,38.01,16669
GM,201701251331,38.02,38.02,38,38,16049
GM,201701251332,38,38.01,37.99,38,40381
GM,201701251333,38.01,38.02,38,38.01,24587
GM,201701251334,38.01,38.02,38.01,38.02,8601
GM,201701251335,38.02,38.03,38.01,38.01,8974
GM,201701251336,38.02,38.02,38.01,38.01,3040
GM,201701251337,38.01,38.04,38.01,38.04,21314
GM,201701251338,38.04,38.09,38.03,38.08,75313
GM,201701251339,38.09,38.13,38.08,38.12,35391
GM,201701251340,38.12,38.13,38.11,38.12,44905
GM,201701251341,38.11,38.12,38.11,38.11,4541
GM,201701251342,38.12,38.13,38.11,38.13,11530
GM,201701251343,38.14,38.16,38.13,38.16,20242
GM,201701251344,38.15,38.17,38.15,38.17,12605
GM,201701251345,38.17,38.17,38.16,38.16,15130
GM,201701251346,38.16,38.17,38.16,38.16,4062
GM,201701251347,38.16,38.16,38.12,38.12,38244
GM,201701251348,38.12,38.14,38.12,38.12,9361
GM,201701251349,38.12,38.13,38.1,38.1,23380
GM,201701251350,38.09,38.09,38.07,38.09,12489
GM,201701251351,38.09,38.11,38.09,38.11,9039
GM,201701251352,38.11,38.13,38.1,38.12,21870
GM,201701251353,38.12,38.12,38.11,38.11,9497
GM,201701251354,38.11,38.14,38.11,38.12,17459
GM,201701251355,38.12,38.13,38.12,38.12,4167
GM,201701251356,38.13,38.14,38.12,38.14,10649
GM,201701251357,38.15,38.16,38.14,38.14,12912
GM,201701251358,38.15,38.15,38.13,38.14,8314
GM,201701251359,38.13,38.14,38.12,38.14,11036
GM,201701251400,38.14,38.16,38.14,38.16,21964
GM,201701251401,38.16,38.17,38.15,38.15,13236
GM,201701251402,38.15,38.15,38.14,38.14,11508
GM,201701251403,38.14,38.16,38.14,38.16,13464
GM,201701251404,38.15,38.16,38.15,38.15,4599
GM,201701251405,38.16,38.16,38.14,38.14,19297
GM,201701251406,38.14,38.15,38.14,38.15,10824
GM,201701251407,38.15,38.16,38.15,38.15,5329
GM,201701251408,38.16,38.16,38.15,38.15,7701
GM,201701251409,38.15,38.16,38.14,38.14,15995
GM,201701251410,38.14,38.14,38.11,38.12,25671
GM,201701251411,38.13,38.15,38.13,38.14,6289
GM,201701251412,38.14,38.15,38.14,38.15,3930
GM,201701251413,38.15,38.16,38.14,38.16,13937
GM,201701251414,38.15,38.17,38.14,38.17,32391
GM,201701251415,38.16,38.17,38.16,38.16,4259
GM,201701251416,38.16,38.17,38.16,38.17,28993
GM,201701251417,38.17,38.17,38.16,38.16,3217
GM,201701251418,38.16,38.18,38.16,38.18,17083
GM,201701251419,38.17,38.2,38.17,38.2,22770
GM,201701251420,38.2,38.2,38.19,38.19,3508
GM,201701251421,38.19,38.2,38.19,38.19,12464
GM,201701251422,38.19,38.2,38.19,38.19,9818
GM,201701251423,38.19,38.21,38.19,38.2,96674
GM,201701251424,38.19,38.2,38.18,38.19,30495
GM,201701251425,38.18,38.2,38.18,38.19,10455
GM,201701251426,38.2,38.2,38.19,38.2,6404
GM,201701251427,38.19,38.2,38.19,38.19,3544
GM,201701251428,38.19,38.2,38.19,38.2,11415
GM,201701251429,38.2,38.2,38.19,38.19,7242
GM,201701251430,38.19,38.21,38.19,38.2,27649
GM,201701251431,38.21,38.21,38.2,38.2,13391
GM,201701251432,38.2,38.21,38.2,38.2,38316
GM,201701251433,38.2,38.2,38.17,38.17,33346
GM,201701251434,38.18,38.19,38.17,38.19,21954
GM,201701251435,38.18,38.19,38.18,38.18,6533
GM,201701251436,38.18,38.19,38.18,38.19,7733
GM,201701251437,38.18,38.19,38.18,38.18,4620
GM,201701251438,38.18,38.19,38.18,38.18,7984
GM,201701251439,38.18,38.19,38.17,38.17,25530
GM,201701251440,38.17,38.19,38.17,38.18,40150
GM,201701251441,38.19,38.19,38.17,38.17,10689
GM,201701251442,38.18,38.18,38.17,38.17,4300
GM,201701251443,38.18,38.18,38.17,38.17,14364
GM,201701251444,38.17,38.18,38.17,38.17,20980
GM,201701251445,38.18,38.18,38.17,38.17,7500
GM,201701251446,38.18,38.19,38.17,38.19,24785
GM,201701251447,38.19,38.19,38.18,38.19,8538
GM,201701251448,38.19,38.2,38.18,38.19,22401
GM,201701251449,38.2,38.2,38.19,38.2,10915
GM,201701251450,38.19,38.2,38.19,38.2,12775
GM,201701251451,38.2,38.2,38.19,38.19,8358
GM,201701251452,38.19,38.2,38.19,38.19,5900
GM,201701251453,38.19,38.2,38.19,38.2,14968
GM,201701251454,38.19,38.2,38.19,38.2,12239
GM,201701251455,38.19,38.2,38.19,38.19,12272
GM,201701251456,38.2,38.2,38.18,38.18,48360
GM,201701251457,38.18,38.18,38.17,38.17,65641
GM,201701251458,38.18,38.19,38.17,38.19,29659
GM,201701251459,38.18,38.19,38.18,38.18,16538
GM,201701251500,38.19,38.23,38.18,38.21,66634
GM,201701251501,38.22,38.22,38.21,38.21,2722
GM,201701251502,38.21,38.22,38.21,38.21,8984
GM,201701251503,38.22,38.22,38.21,38.22,4799
GM,201701251504,38.22,38.22,38.21,38.22,12074
GM,201701251505,38.22,38.22,38.21,38.22,11150
GM,201701251506,38.22,38.22,38.21,38.21,8979
GM,201701251507,38.21,38.24,38.21,38.23,34537
GM,201701251508,38.24,38.26,38.23,38.25,70934
GM,201701251509,38.24,38.25,38.24,38.24,10117
GM,201701251510,38.25,38.25,38.24,38.25,16688
GM,201701251511,38.25,38.26,38.24,38.25,29371
GM,201701251512,38.26,38.26,38.22,38.22,69262
GM,201701251513,38.22,38.22,38.21,38.21,16512
GM,201701251514,38.22,38.22,38.2,38.2,48875
GM,201701251515,38.2,38.21,38.19,38.2,32187
GM,201701251516,38.2,38.2,38.18,38.18,26413
GM,201701251517,38.18,38.19,38.16,38.16,31000
GM,201701251518,38.16,38.17,38.15,38.16,37104
GM,201701251519,38.16,38.17,38.16,38.17,9083
GM,201701251520,38.16,38.17,38.16,38.17,24589
GM,201701251521,38.16,38.17,38.16,38.16,21249
GM,201701251522,38.16,38.21,38.16,38.21,116541
GM,201701251523,38.2,38.21,38.2,38.2,16980
GM,201701251524,38.21,38.23,38.2,38.23,29623
GM,201701251525,38.23,38.24,38.22,38.24,28513
GM,201701251526,38.24,38.25,38.22,38.23,68809
GM,201701251527,38.22,38.23,38.21,38.22,34943
GM,201701251528,38.22,38.25,38.22,38.25,15344
GM,201701251529,38.24,38.26,38.24,38.26,18121
GM,201701251530,38.26,38.26,38.25,38.25,17965
GM,201701251531,38.26,38.26,38.25,38.26,18934
GM,201701251532,38.26,38.27,38.25,38.26,26183
GM,201701251533,38.27,38.28,38.26,38.28,21789
GM,201701251534,38.28,38.28,38.24,38.24,102641
GM,201701251535,38.24,38.24,38.22,38.22,38231
GM,201701251536,38.22,38.24,38.21,38.24,63480
GM,201701251537,38.24,38.25,38.24,38.24,15156
GM,201701251538,38.25,38.27,38.24,38.24,42312
GM,201701251539,38.27,38.28,38.26,38.28,23675
GM,201701251540,38.28,38.28,38.27,38.28,27833
GM,201701251541,38.28,38.28,38.27,38.28,21665
GM,201701251542,38.28,38.28,38.27,38.28,29497
GM,201701251543,38.28,38.3,38.27,38.29,96306
GM,201701251544,38.3,38.32,38.29,38.32,67818
GM,201701251545,38.32,38.33,38.29,38.29,120926
GM,201701251546,38.29,38.3,38.27,38.27,44778
GM,201701251547,38.27,38.29,38.26,38.28,54869
GM,201701251548,38.28,38.29,38.28,38.28,45396
GM,201701251549,38.28,38.3,38.28,38.29,45082
GM,201701251550,38.29,38.3,38.29,38.3,43644
GM,201701251551,38.3,38.3,38.29,38.29,28806
GM,201701251552,38.29,38.3,38.27,38.27,119033
GM,201701251553,38.27,38.28,38.26,38.27,81682
GM,201701251554,38.28,38.28,38.26,38.27,94051
GM,201701251555,38.27,38.29,38.27,38.28,134404
GM,201701251556,38.28,38.29,38.28,38.28,58428
GM,201701251557,38.28,38.31,38.28,38.29,275487
GM,201701251558,38.28,38.31,38.28,38.3,96022
GM,201701251559,38.31,38.31,38.26,38.28,172348
GM,201701251600,38.26,38.26,38.26,38.26,151
GM,201701251601,38.28,38.28,38.28,38.28,4677240
GM,201701251602,38.28,38.28,38.28,38.28,35000
GM,201701251603,38.28,38.28,38.28,38.28,550
GM,201701251612,38.33,38.33,38.33,38.33,195
GM,201701251617,38.34,38.34,38.34,38.34,140
GM,201701251621,38.28,38.28,38.28,38.28,4022
GM,201701251625,38.2,38.2,38.2,38.2,100
GM,201701251626,38.34,38.34,38.34,38.34,200
GM,201701251633,38.28,38.28,38.28,38.28,100
GM,201701251634,38.28,38.28,38.28,38.28,100
GM,201701251637,38.28,38.28,38.28,38.28,145552
GM,201701251640,38.28,38.28,38.28,38.28,118
GM,201701251643,38.25,38.25,38.25,38.25,100
GM,201701251651,38.28,38.28,38.28,38.28,999
GM,201701251652,38.28,38.28,38.28,38.28,100
