<ticker>,<date>,<open>,<high>,<low>,<close>,<vol>
GM,201612300918,35.25,35.25,35.25,35.25,700
GM,201612300924,35.19,35.19,35.19,35.19,100
GM,201612300930,35.21,35.25,35.18,35.21,86444
GM,201612300931,35.22,35.31,35.21,35.25,9157
GM,201612300932,35.23,35.25,35.21,35.21,3208
GM,201612300933,35.23,35.23,35.16,35.17,6424
GM,201612300934,35.16,35.17,35.07,35.1,68152
GM,201612300935,35.1,35.22,35.1,35.21,18514
GM,201612300936,35.21,35.22,35.18,35.19,12877
GM,201612300937,35.19,35.19,35.16,35.19,10942
GM,201612300938,35.2,35.22,35.14,35.16,14519
GM,201612300939,35.17,35.19,35.16,35.16,19565
GM,201612300940,35.16,35.18,35.15,35.16,21778
GM,201612300941,35.16,35.17,35.16,35.17,13830
GM,201612300942,35.17,35.2,35.17,35.19,38022
GM,201612300943,35.19,35.2,35.18,35.18,10777
GM,201612300944,35.19,35.19,35.16,35.16,5300
GM,201612300945,35.17,35.19,35.17,35.17,6931
GM,201612300946,35.17,35.2,35.17,35.19,3773
GM,201612300947,35.19,35.21,35.19,35.2,18703
GM,201612300948,35.21,35.23,35.2,35.23,21266
GM,201612300949,35.22,35.23,35.21,35.23,12713
GM,201612300950,35.23,35.24,35.2,35.21,19336
GM,201612300951,35.21,35.21,35.19,35.21,12385
GM,201612300952,35.21,35.23,35.19,35.2,8779
GM,201612300953,35.19,35.19,35.18,35.18,10912
GM,201612300954,35.17,35.18,35.15,35.17,9422
GM,201612300955,35.15,35.16,35.14,35.15,11575
GM,201612300956,35.15,35.15,35.12,35.12,8075
GM,201612300957,35.12,35.14,35.1,35.14,27838
GM,201612300958,35.13,35.18,35.13,35.18,12842
GM,201612300959,35.18,35.18,35.14,35.14,13546
GM,201612301000,35.14,35.17,35.13,35.15,16416
GM,201612301001,35.15,35.17,35.14,35.14,8422
GM,201612301002,35.14,35.14,35.13,35.14,6135
GM,201612301003,35.14,35.15,35.11,35.11,20851
GM,201612301004,35.12,35.16,35.12,35.12,23412
GM,201612301005,35.13,35.15,35.13,35.14,8842
GM,201612301006,35.14,35.14,35.12,35.12,2600
GM,201612301007,35.14,35.14,35.12,35.13,8300
GM,201612301008,35.13,35.16,35.13,35.16,2302
GM,201612301009,35.15,35.17,35.15,35.15,10424
GM,201612301010,35.16,35.16,35.15,35.16,2765
GM,201612301011,35.16,35.17,35.16,35.17,2927
GM,201612301012,35.18,35.18,35.18,35.18,5099
GM,201612301013,35.17,35.17,35.17,35.17,100
GM,201612301014,35.17,35.18,35.17,35.17,2230
GM,201612301015,35.18,35.18,35.16,35.16,5769
GM,201612301016,35.15,35.16,35.14,35.16,6546
GM,201612301017,35.15,35.15,35.15,35.15,2116
GM,201612301018,35.15,35.15,35.14,35.14,7197
GM,201612301019,35.14,35.14,35.13,35.13,3600
GM,201612301020,35.13,35.15,35.13,35.15,4501
GM,201612301021,35.14,35.15,35.14,35.15,2443
GM,201612301022,35.14,35.15,35.14,35.15,6661
GM,201612301023,35.14,35.14,35.1,35.1,21237
GM,201612301024,35.1,35.1,35.09,35.09,9856
GM,201612301025,35.1,35.12,35.1,35.12,30489
GM,201612301026,35.12,35.12,35.11,35.11,8261
GM,201612301027,35.12,35.12,35.11,35.12,1989
GM,201612301028,35.11,35.13,35.11,35.12,50412
GM,201612301029,35.13,35.13,35.1,35.12,19520
GM,201612301030,35.1,35.12,35.09,35.12,12713
GM,201612301031,35.11,35.13,35.11,35.12,4850
GM,201612301032,35.12,35.12,35.12,35.12,8700
GM,201612301033,35.13,35.13,35.09,35.09,16285
GM,201612301034,35.1,35.1,35.09,35.1,10700
GM,201612301035,35.1,35.1,35.08,35.09,8511
GM,201612301036,35.08,35.09,35.08,35.08,13732
GM,201612301037,35.08,35.08,35.07,35.08,9422
GM,201612301038,35.08,35.08,35.07,35.07,14372
GM,201612301039,35.07,35.07,35.07,35.07,211
GM,201612301040,35.07,35.09,35.06,35.07,25150
GM,201612301041,35.07,35.07,35.05,35.05,17005
GM,201612301042,35.06,35.07,35.06,35.06,3750
GM,201612301043,35.06,35.07,35.06,35.06,14619
GM,201612301044,35.06,35.09,35.06,35.08,11191
GM,201612301045,35.07,35.08,35.07,35.07,18058
GM,201612301046,35.08,35.08,35.05,35.05,5200
GM,201612301047,35.05,35.07,35.05,35.06,5017
GM,201612301048,35.07,35.07,35.05,35.06,18445
GM,201612301049,35.06,35.06,35.05,35.05,9129
GM,201612301050,35.06,35.08,35.05,35.08,9100
GM,201612301051,35.08,35.09,35.08,35.08,5500
GM,201612301052,35.06,35.06,35.05,35.06,8447
GM,201612301053,35.06,35.07,35.05,35.07,22573
GM,201612301054,35.06,35.07,35.06,35.07,8616
GM,201612301055,35.07,35.08,35.06,35.07,7699
GM,201612301056,35.07,35.08,35.07,35.08,6700
GM,201612301057,35.07,35.09,35.05,35.05,21280
GM,201612301058,35.06,35.07,35.06,35.07,7686
GM,201612301059,35.08,35.08,35.05,35.05,15361
GM,201612301100,35.05,35.06,35.04,35.05,8911
GM,201612301101,35.05,35.06,35.04,35.05,6803
GM,201612301102,35.06,35.06,35.05,35.05,2650
GM,201612301103,35.06,35.06,35.05,35.05,4136
GM,201612301104,35.06,35.06,35.05,35.05,2300
GM,201612301105,35.06,35.07,35.05,35.05,19323
GM,201612301106,35.05,35.06,35.05,35.05,3422
GM,201612301107,35.06,35.06,35.04,35.06,18789
GM,201612301108,35.05,35.06,35.05,35.05,5843
GM,201612301109,35.05,35.05,35.04,35.04,5392
GM,201612301110,35.04,35.05,35.03,35.03,17580
GM,201612301111,35.03,35.04,35.02,35.03,14243
GM,201612301112,35.03,35.04,35.02,35.02,7384
GM,201612301113,35.04,35.04,35.03,35.03,3073
GM,201612301114,35.03,35.04,35.02,35.03,13266
GM,201612301115,35.04,35.04,35.03,35.03,10722
GM,201612301116,35.03,35.03,35.02,35.03,16296
GM,201612301117,35.03,35.03,35.02,35.03,8561
GM,201612301118,35.02,35.03,35.02,35.03,8497
GM,201612301119,35.02,35.03,35.02,35.02,5176
GM,201612301120,35.03,35.03,35.02,35.02,4550
GM,201612301121,35.02,35.03,35.02,35.02,3123
GM,201612301122,35.03,35.04,35.03,35.03,14091
GM,201612301123,35.04,35.05,35.03,35.05,10915
GM,201612301124,35.05,35.06,35.05,35.05,4875
GM,201612301125,35.06,35.06,35.06,35.06,2702
GM,201612301126,35.05,35.08,35.05,35.07,18150
GM,201612301127,35.07,35.08,35.05,35.06,27633
GM,201612301128,35.05,35.06,35.04,35.05,7837
GM,201612301129,35.06,35.06,35.05,35.06,5740
GM,201612301130,35.05,35.05,35.03,35.05,10601
GM,201612301131,35.05,35.05,35.04,35.04,4167
GM,201612301132,35.04,35.05,35.04,35.05,3429
GM,201612301133,35.05,35.05,35.04,35.04,869
GM,201612301134,35.04,35.07,35.04,35.06,39956
GM,201612301135,35.05,35.05,35.04,35.04,10285
GM,201612301136,35.03,35.04,35.03,35.04,9963
GM,201612301137,35.03,35.04,35.02,35.02,4063
GM,201612301138,35.02,35.03,35.02,35.02,3804
GM,201612301139,35.02,35.04,35.02,35.04,4175
GM,201612301140,35.03,35.04,35.03,35.03,3900
GM,201612301141,35.03,35.04,35.03,35.04,1321
GM,201612301142,35.03,35.05,35.03,35.05,5113
GM,201612301143,35.05,35.05,35.04,35.04,7769
GM,201612301144,35.03,35.05,35.03,35.03,10233
GM,201612301145,35.04,35.04,35.03,35.04,850
GM,201612301146,35.03,35.05,35.03,35.05,5725
GM,201612301147,35.04,35.04,35.03,35.04,2087
GM,201612301148,35.03,35.04,35.03,35.03,2522
GM,201612301149,35.04,35.04,35.03,35.03,2192
GM,201612301150,35.03,35.04,35.03,35.04,5881
GM,201612301151,35.03,35.04,35.03,35.04,1000
GM,201612301152,35.04,35.04,35.03,35.03,5473
GM,201612301153,35.02,35.03,35.02,35.03,4719
GM,201612301154,35.04,35.04,35.02,35.02,2885
GM,201612301155,35.03,35.03,35.02,35.03,5271
GM,201612301156,35.03,35.03,35.02,35.03,2917
GM,201612301157,35.02,35.02,35.02,35.02,949
GM,201612301158,35.02,35.02,35.02,35.02,3083
GM,201612301159,35.01,35.02,35.01,35.01,2135
GM,201612301200,35.02,35.02,35.01,35.01,8548
GM,201612301201,35.02,35.02,35.01,35.01,500
GM,201612301202,35.01,35.02,34.94,34.94,166078
GM,201612301203,34.94,34.95,34.9,34.93,54910
GM,201612301204,34.93,34.95,34.93,34.94,10265
GM,201612301205,34.93,34.94,34.92,34.92,11456
GM,201612301206,34.93,34.93,34.92,34.93,6062
GM,201612301207,34.93,34.93,34.92,34.93,4400
GM,201612301208,34.93,34.95,34.93,34.94,9769
GM,201612301209,34.94,34.94,34.93,34.94,3845
GM,201612301210,34.94,34.95,34.94,34.95,6689
GM,201612301211,34.96,34.98,34.96,34.96,17324
GM,201612301212,34.99,35,34.98,35,9750
GM,201612301213,35,35.01,35,35,7665
GM,201612301214,35,35,35,35,2200
GM,201612301215,35,35,34.98,34.98,10838
GM,201612301216,34.98,34.98,34.97,34.97,4989
GM,201612301217,34.98,34.98,34.95,34.96,5905
GM,201612301218,34.96,34.97,34.95,34.97,15016
GM,201612301219,34.96,34.97,34.96,34.96,2200
GM,201612301220,34.97,34.97,34.96,34.97,7882
GM,201612301221,34.97,34.97,34.97,34.97,2700
GM,201612301222,34.97,34.97,34.96,34.96,1205
GM,201612301223,34.97,34.97,34.96,34.96,2395
GM,201612301224,34.97,34.97,34.96,34.97,1785
GM,201612301225,34.97,34.97,34.94,34.94,8229
GM,201612301226,34.94,34.95,34.93,34.93,22935
GM,201612301227,34.92,34.93,34.92,34.92,12429
GM,201612301228,34.93,34.93,34.92,34.92,1830
GM,201612301229,34.93,34.93,34.92,34.92,6763
GM,201612301230,34.92,34.93,34.92,34.93,3950
GM,201612301231,34.92,34.94,34.92,34.94,10860
GM,201612301232,34.93,34.94,34.92,34.93,12296
GM,201612301233,34.93,34.94,34.93,34.93,8069
GM,201612301234,34.94,34.94,34.93,34.93,13412
GM,201612301235,34.94,34.94,34.93,34.93,2882
GM,201612301236,34.91,34.91,34.86,34.87,34449
GM,201612301237,34.86,34.88,34.86,34.88,8673
GM,201612301238,34.88,34.88,34.87,34.87,3693
GM,201612301239,34.87,34.88,34.87,34.88,950
GM,201612301240,34.87,34.87,34.86,34.87,3098
GM,201612301241,34.87,34.88,34.86,34.86,7119
GM,201612301242,34.86,34.86,34.86,34.86,1343
GM,201612301243,34.86,34.87,34.85,34.85,16081
GM,201612301244,34.86,34.89,34.85,34.88,13048
GM,201612301245,34.89,34.89,34.85,34.85,22868
GM,201612301246,34.85,34.87,34.85,34.86,6522
GM,201612301247,34.86,34.88,34.86,34.87,11956
GM,201612301248,34.86,34.87,34.86,34.87,1675
GM,201612301249,34.86,34.87,34.85,34.85,10959
GM,201612301250,34.85,34.86,34.8,34.8,23544
GM,201612301251,34.8,34.82,34.8,34.8,17832
GM,201612301252,34.81,34.83,34.81,34.82,11400
GM,201612301253,34.82,34.83,34.81,34.82,4382
GM,201612301254,34.83,34.84,34.82,34.84,3608
GM,201612301255,34.83,34.85,34.83,34.83,6961
GM,201612301256,34.83,34.85,34.83,34.84,7400
GM,201612301257,34.83,34.84,34.83,34.83,2759
GM,201612301258,34.83,34.85,34.83,34.83,3660
GM,201612301259,34.84,34.85,34.84,34.84,1710
GM,201612301300,34.85,34.85,34.83,34.83,6035
GM,201612301301,34.84,34.85,34.83,34.85,7284
GM,201612301302,34.85,34.85,34.84,34.85,4700
GM,201612301303,34.84,34.85,34.84,34.85,2890
GM,201612301304,34.85,34.85,34.84,34.84,3813
GM,201612301305,34.85,34.86,34.84,34.85,8923
GM,201612301306,34.84,34.85,34.84,34.85,2670
GM,201612301307,34.85,34.85,34.84,34.85,1895
GM,201612301308,34.85,34.85,34.84,34.84,4050
GM,201612301309,34.84,34.85,34.84,34.84,3619
GM,201612301310,34.84,34.86,34.84,34.85,6317
GM,201612301311,34.86,34.86,34.84,34.84,4595
GM,201612301312,34.85,34.85,34.84,34.85,2184
GM,201612301313,34.85,34.85,34.84,34.84,1400
GM,201612301314,34.85,34.85,34.84,34.85,8439
GM,201612301315,34.85,34.85,34.84,34.85,3450
GM,201612301316,34.85,34.87,34.84,34.87,12208
GM,201612301317,34.87,34.88,34.87,34.87,9418
GM,201612301318,34.88,34.88,34.87,34.87,3300
GM,201612301319,34.87,34.89,34.87,34.88,3953
GM,201612301320,34.89,34.89,34.89,34.89,100
GM,201612301321,34.88,34.89,34.87,34.88,9828
GM,201612301322,34.88,34.89,34.88,34.88,7900
GM,201612301323,34.88,34.88,34.87,34.87,944
GM,201612301324,34.87,34.88,34.87,34.87,2150
GM,201612301325,34.88,34.88,34.87,34.87,2664
GM,201612301326,34.88,34.88,34.87,34.88,1000
GM,201612301327,34.87,34.88,34.87,34.88,1600
GM,201612301328,34.87,34.87,34.87,34.87,2345
GM,201612301329,34.88,34.88,34.85,34.85,16216
GM,201612301330,34.86,34.86,34.84,34.85,17721
GM,201612301331,34.85,34.85,34.83,34.83,10332
GM,201612301332,34.82,34.83,34.82,34.83,3490
GM,201612301333,34.82,34.83,34.82,34.83,16110
GM,201612301334,34.84,34.84,34.83,34.84,10101
GM,201612301335,34.85,34.86,34.84,34.85,15733
GM,201612301336,34.86,34.86,34.85,34.86,6931
GM,201612301337,34.86,34.86,34.84,34.84,8651
GM,201612301338,34.85,34.85,34.84,34.84,2000
GM,201612301339,34.84,34.85,34.83,34.84,6523
GM,201612301340,34.83,34.84,34.83,34.84,8495
GM,201612301341,34.84,34.86,34.83,34.84,36879
GM,201612301342,34.83,34.85,34.83,34.83,22002
GM,201612301343,34.84,34.84,34.84,34.84,200
GM,201612301344,34.83,34.84,34.83,34.84,15658
GM,201612301345,34.84,34.84,34.83,34.84,6600
GM,201612301346,34.84,34.84,34.82,34.84,22051
GM,201612301347,34.84,34.84,34.83,34.83,9405
GM,201612301348,34.83,34.84,34.83,34.83,5926
GM,201612301349,34.83,34.84,34.82,34.82,13073
GM,201612301350,34.83,34.84,34.83,34.84,10213
GM,201612301351,34.84,34.84,34.83,34.84,2693
GM,201612301352,34.84,34.86,34.83,34.86,13848
GM,201612301353,34.86,34.86,34.85,34.86,2385
GM,201612301354,34.86,34.86,34.86,34.86,300
GM,201612301355,34.85,34.86,34.85,34.86,3650
GM,201612301356,34.86,34.86,34.84,34.85,6634
GM,201612301357,34.85,34.85,34.83,34.84,5794
GM,201612301358,34.83,34.84,34.83,34.83,2459
GM,201612301359,34.83,34.83,34.79,34.8,37541
GM,201612301400,34.8,34.8,34.79,34.8,6900
GM,201612301401,34.8,34.81,34.79,34.8,27764
GM,201612301402,34.8,34.8,34.79,34.79,3100
GM,201612301403,34.8,34.8,34.79,34.8,5385
GM,201612301404,34.79,34.8,34.79,34.8,1700
GM,201612301405,34.8,34.8,34.79,34.8,6763
GM,201612301406,34.79,34.8,34.79,34.8,2704
GM,201612301407,34.8,34.8,34.79,34.79,3611
GM,201612301408,34.79,34.8,34.79,34.8,1924
GM,201612301409,34.8,34.8,34.79,34.8,3800
GM,201612301410,34.8,34.8,34.77,34.78,21550
GM,201612301411,34.77,34.78,34.76,34.77,65805
GM,201612301412,34.78,34.78,34.77,34.77,25951
GM,201612301413,34.78,34.78,34.77,34.77,10194
GM,201612301414,34.77,34.78,34.77,34.77,6195
GM,201612301415,34.77,34.78,34.77,34.77,8258
GM,201612301416,34.78,34.79,34.77,34.79,13131
GM,201612301417,34.79,34.79,34.78,34.79,2637
GM,201612301418,34.79,34.8,34.78,34.79,50638
GM,201612301419,34.78,34.79,34.77,34.78,17748
GM,201612301420,34.78,34.78,34.77,34.77,1000
GM,201612301421,34.78,34.78,34.78,34.78,4930
GM,201612301422,34.78,34.78,34.77,34.77,4700
GM,201612301423,34.78,34.78,34.77,34.77,6668
GM,201612301424,34.78,34.78,34.76,34.76,10111
GM,201612301425,34.77,34.77,34.76,34.77,4422
GM,201612301426,34.77,34.77,34.76,34.76,3839
GM,201612301427,34.76,34.77,34.75,34.75,9588
GM,201612301428,34.76,34.76,34.75,34.75,4037
GM,201612301429,34.76,34.76,34.73,34.74,29251
GM,201612301430,34.74,34.74,34.73,34.73,1500
GM,201612301431,34.73,34.74,34.72,34.74,47320
GM,201612301432,34.74,34.77,34.73,34.76,54028
GM,201612301433,34.76,34.76,34.74,34.74,30099
GM,201612301434,34.74,34.74,34.72,34.73,12322
GM,201612301435,34.73,34.76,34.73,34.74,34315
GM,201612301436,34.75,34.76,34.74,34.76,17392
GM,201612301437,34.76,34.76,34.75,34.76,3230
GM,201612301438,34.76,34.78,34.75,34.78,20465
GM,201612301439,34.78,34.78,34.77,34.77,12275
GM,201612301440,34.78,34.78,34.75,34.76,11773
GM,201612301441,34.76,34.76,34.76,34.76,100
GM,201612301442,34.77,34.77,34.76,34.77,6380
GM,201612301443,34.77,34.78,34.77,34.78,14385
GM,201612301444,34.78,34.79,34.77,34.78,12119
GM,201612301445,34.79,34.79,34.76,34.76,15383
GM,201612301446,34.77,34.77,34.73,34.74,36692
GM,201612301447,34.74,34.74,34.72,34.73,10322
GM,201612301448,34.73,34.73,34.71,34.73,13536
GM,201612301449,34.73,34.73,34.72,34.72,3100
GM,201612301450,34.73,34.73,34.7,34.7,33165
GM,201612301451,34.7,34.73,34.7,34.72,15044
GM,201612301452,34.71,34.72,34.71,34.72,7500
GM,201612301453,34.71,34.72,34.71,34.72,1828
GM,201612301454,34.71,34.72,34.71,34.71,6200
GM,201612301455,34.72,34.72,34.67,34.67,46289
GM,201612301456,34.67,34.69,34.67,34.68,8013
GM,201612301457,34.69,34.7,34.68,34.7,10792
GM,201612301458,34.7,34.71,34.69,34.71,8189
GM,201612301459,34.71,34.72,34.7,34.7,15756
GM,201612301500,34.71,34.72,34.7,34.72,9879
GM,201612301501,34.72,34.72,34.71,34.72,6261
GM,201612301502,34.71,34.72,34.71,34.72,8750
GM,201612301503,34.72,34.74,34.71,34.73,19968
GM,201612301504,34.73,34.73,34.73,34.73,600
GM,201612301505,34.74,34.75,34.74,34.75,2508
GM,201612301506,34.74,34.75,34.74,34.75,5334
GM,201612301507,34.75,34.76,34.75,34.76,18310
GM,201612301508,34.76,34.76,34.75,34.76,5550
GM,201612301509,34.75,34.76,34.75,34.76,5608
GM,201612301510,34.76,34.76,34.73,34.73,15010
GM,201612301511,34.73,34.74,34.73,34.73,8165
GM,201612301512,34.74,34.74,34.72,34.73,19986
GM,201612301513,34.72,34.74,34.72,34.74,38709
GM,201612301514,34.74,34.76,34.73,34.74,24141
GM,201612301515,34.75,34.77,34.74,34.77,9561
GM,201612301516,34.77,34.77,34.75,34.76,10650
GM,201612301517,34.75,34.75,34.74,34.74,11394
GM,201612301518,34.75,34.76,34.74,34.75,11084
GM,201612301519,34.76,34.76,34.74,34.75,17482
GM,201612301520,34.74,34.75,34.74,34.74,3107
GM,201612301521,34.73,34.75,34.73,34.75,24295
GM,201612301522,34.75,34.75,34.74,34.75,4000
GM,201612301523,34.74,34.76,34.73,34.75,18425
GM,201612301524,34.75,34.75,34.72,34.74,27448
GM,201612301525,34.74,34.75,34.73,34.75,6899
GM,201612301526,34.74,34.75,34.74,34.75,400
GM,201612301527,34.75,34.77,34.74,34.77,22158
GM,201612301528,34.77,34.77,34.75,34.75,24527
GM,201612301529,34.76,34.76,34.74,34.76,13219
GM,201612301530,34.76,34.77,34.74,34.76,40777
GM,201612301531,34.76,34.76,34.74,34.75,19277
GM,201612301532,34.75,34.76,34.74,34.75,14032
GM,201612301533,34.75,34.77,34.75,34.77,58556
GM,201612301534,34.77,34.78,34.75,34.78,37549
GM,201612301535,34.78,34.78,34.76,34.78,14151
GM,201612301536,34.78,34.78,34.76,34.78,25328
GM,201612301537,34.78,34.79,34.76,34.76,12970
GM,201612301538,34.77,34.77,34.77,34.77,600
GM,201612301539,34.8,34.82,34.79,34.81,36063
GM,201612301540,34.81,34.82,34.79,34.8,34196
GM,201612301541,34.8,34.81,34.78,34.78,37093
GM,201612301542,34.78,34.79,34.77,34.77,21675
GM,201612301543,34.77,34.78,34.75,34.75,33097
GM,201612301544,34.75,34.77,34.75,34.76,27734
GM,201612301545,34.75,34.76,34.74,34.74,85539
GM,201612301546,34.75,34.75,34.74,34.75,8398
GM,201612301547,34.74,34.75,34.74,34.75,13416
GM,201612301548,34.74,34.76,34.74,34.76,53059
GM,201612301549,34.75,34.76,34.75,34.75,1100
GM,201612301550,34.74,34.75,34.73,34.74,55573
GM,201612301551,34.74,34.75,34.73,34.73,40451
GM,201612301552,34.73,34.75,34.73,34.75,60444
GM,201612301553,34.75,34.75,34.74,34.75,74630
GM,201612301554,34.75,34.77,34.74,34.76,66915
GM,201612301555,34.76,34.8,34.75,34.8,94280
GM,201612301556,34.8,34.81,34.78,34.79,95724
GM,201612301557,34.78,34.84,34.78,34.83,109250
GM,201612301558,34.82,34.84,34.82,34.83,157951
GM,201612301559,34.83,34.86,34.82,34.83,333744
GM,201612301601,34.84,34.84,34.84,34.84,1234610
GM,201612301604,34.84,34.84,34.84,34.84,11341
GM,201612301608,34.84,34.84,34.84,34.84,33891
GM,201612301612,34.84,34.84,34.84,34.84,35740
GM,201612301633,34.84,34.84,34.84,34.84,500
