<ticker>,<date>,<open>,<high>,<low>,<close>,<vol>
INTC,201702080904,36.4,36.4,36.4,36.4,499
INTC,201702080909,36.4,36.4,36.4,36.4,500
INTC,201702080928,36.33,36.33,36.33,36.33,1376
INTC,201702080930,36.34,36.34,36.25,36.27,319746
INTC,201702080931,36.29,36.33,36.28,36.31,124028
INTC,201702080932,36.32,36.32,36.29,36.31,42510
INTC,201702080933,36.32,36.33,36.26,36.31,52239
INTC,201702080934,36.28,36.32,36.28,36.29,20955
INTC,201702080935,36.29,36.29,36.21,36.23,96332
INTC,201702080936,36.24,36.26,36.23,36.25,122481
INTC,201702080937,36.25,36.27,36.24,36.26,33221
INTC,201702080938,36.27,36.29,36.24,36.27,35027
INTC,201702080939,36.27,36.27,36.24,36.24,35466
INTC,201702080940,36.24,36.27,36.24,36.26,28281
INTC,201702080941,36.26,36.27,36.24,36.25,62770
INTC,201702080942,36.25,36.26,36.24,36.25,43054
INTC,201702080943,36.24,36.26,36.24,36.26,31917
INTC,201702080944,36.26,36.27,36.26,36.26,10862
INTC,201702080945,36.25,36.26,36.24,36.24,80681
INTC,201702080946,36.25,36.26,36.23,36.26,117547
INTC,201702080947,36.25,36.26,36.25,36.25,77873
INTC,201702080948,36.25,36.25,36.22,36.22,64873
INTC,201702080949,36.22,36.22,36.17,36.17,120718
INTC,201702080950,36.18,36.18,36.16,36.16,21020
INTC,201702080951,36.17,36.21,36.16,36.2,61243
INTC,201702080952,36.2,36.23,36.18,36.21,49695
INTC,201702080953,36.21,36.22,36.2,36.21,32317
INTC,201702080954,36.22,36.24,36.21,36.21,21028
INTC,201702080955,36.22,36.23,36.2,36.2,38047
INTC,201702080956,36.2,36.21,36.19,36.2,20055
INTC,201702080957,36.21,36.22,36.19,36.22,61063
INTC,201702080958,36.22,36.23,36.21,36.21,112495
INTC,201702080959,36.22,36.22,36.19,36.2,72023
INTC,201702081000,36.2,36.21,36.19,36.2,39345
INTC,201702081001,36.2,36.21,36.17,36.17,122026
INTC,201702081002,36.18,36.18,36.14,36.14,76431
INTC,201702081003,36.14,36.34,36.14,36.16,105956
INTC,201702081004,36.16,36.2,36.16,36.2,67590
INTC,201702081005,36.2,36.22,36.19,36.19,84020
INTC,201702081006,36.21,36.22,36.2,36.2,26765
INTC,201702081007,36.2,36.21,36.19,36.21,50550
INTC,201702081008,36.2,36.22,36.2,36.21,16423
INTC,201702081009,36.21,36.22,36.2,36.21,32519
INTC,201702081010,36.21,36.22,36.2,36.21,33526
INTC,201702081011,36.22,36.25,36.2,36.24,329355
INTC,201702081012,36.25,36.29,36.25,36.28,65627
INTC,201702081013,36.28,36.29,36.26,36.28,62356
INTC,201702081014,36.27,36.29,36.27,36.28,43250
INTC,201702081015,36.28,36.29,36.27,36.27,34583
INTC,201702081016,36.27,36.27,36.25,36.26,115387
INTC,201702081017,36.26,36.26,36.25,36.25,24861
INTC,201702081018,36.25,36.26,36.25,36.25,23117
INTC,201702081019,36.25,36.26,36.25,36.26,107640
INTC,201702081020,36.26,36.26,36.25,36.25,32604
INTC,201702081021,36.25,36.26,36.25,36.25,29647
INTC,201702081022,36.25,36.26,36.25,36.25,17394
INTC,201702081023,36.25,36.3,36.25,36.29,49256
INTC,201702081024,36.29,36.31,36.29,36.29,57281
INTC,201702081025,36.29,36.31,36.29,36.3,41937
INTC,201702081026,36.3,36.3,36.28,36.29,43885
INTC,201702081027,36.29,36.3,36.28,36.29,57672
INTC,201702081028,36.29,36.3,36.29,36.29,6272
INTC,201702081029,36.29,36.3,36.29,36.3,26331
INTC,201702081030,36.3,36.31,36.3,36.3,20200
INTC,201702081031,36.3,36.31,36.3,36.3,40184
INTC,201702081032,36.3,36.31,36.29,36.3,38904
INTC,201702081033,36.3,36.3,36.29,36.29,66795
INTC,201702081034,36.29,36.3,36.29,36.3,45771
INTC,201702081035,36.31,36.32,36.28,36.29,56011
INTC,201702081036,36.29,36.31,36.29,36.3,21198
INTC,201702081037,36.3,36.31,36.3,36.3,23467
INTC,201702081038,36.3,36.34,36.3,36.33,40915
INTC,201702081039,36.33,36.33,36.33,36.33,4525
INTC,201702081040,36.32,36.33,36.32,36.32,20545
INTC,201702081041,36.32,36.34,36.32,36.33,31577
INTC,201702081042,36.33,36.37,36.33,36.37,78010
INTC,201702081043,36.38,36.4,36.38,36.39,31725
INTC,201702081044,36.39,36.42,36.39,36.42,53233
INTC,201702081045,36.41,36.45,36.41,36.45,90409
INTC,201702081046,36.45,36.47,36.45,36.47,37967
INTC,201702081047,36.46,36.49,36.46,36.48,84482
INTC,201702081048,36.47,36.5,36.47,36.49,67379
INTC,201702081049,36.49,36.49,36.45,36.46,90267
INTC,201702081050,36.46,36.46,36.44,36.44,18046
INTC,201702081051,36.44,36.44,36.44,36.44,3500
INTC,201702081052,36.42,36.43,36.41,36.41,30053
INTC,201702081053,36.41,36.42,36.39,36.41,42036
INTC,201702081054,36.41,36.43,36.41,36.42,30859
INTC,201702081055,36.42,36.44,36.42,36.44,13127
INTC,201702081056,36.43,36.43,36.43,36.43,23618
INTC,201702081057,36.43,36.43,36.42,36.43,27061
INTC,201702081058,36.43,36.44,36.42,36.43,34413
INTC,201702081059,36.43,36.47,36.42,36.47,103487
INTC,201702081100,36.46,36.47,36.44,36.44,86296
INTC,201702081101,36.44,36.47,36.44,36.46,19267
INTC,201702081102,36.46,36.47,36.46,36.47,17514
INTC,201702081103,36.47,36.49,36.46,36.46,33625
INTC,201702081104,36.46,36.5,36.46,36.49,29902
INTC,201702081105,36.49,36.51,36.49,36.5,100652
INTC,201702081106,36.5,36.5,36.48,36.48,81920
INTC,201702081107,36.48,36.49,36.47,36.47,32665
INTC,201702081108,36.48,36.49,36.47,36.48,48771
INTC,201702081109,36.47,36.48,36.45,36.46,52939
INTC,201702081110,36.47,36.49,36.46,36.48,70953
INTC,201702081111,36.48,36.5,36.48,36.49,33224
INTC,201702081112,36.49,36.5,36.49,36.49,30812
INTC,201702081113,36.49,36.5,36.47,36.47,20761
INTC,201702081114,36.46,36.46,36.44,36.44,34270
INTC,201702081115,36.44,36.45,36.44,36.44,7620
INTC,201702081116,36.44,36.47,36.43,36.46,94104
INTC,201702081117,36.46,36.48,36.45,36.48,33720
INTC,201702081118,36.48,36.49,36.48,36.48,18657
INTC,201702081119,36.47,36.48,36.45,36.47,101308
INTC,201702081120,36.47,36.52,36.47,36.52,137343
INTC,201702081121,36.52,36.6,36.51,36.6,137373
INTC,201702081122,36.59,36.64,36.59,36.63,269964
INTC,201702081123,36.62,36.63,36.6,36.61,140097
INTC,201702081124,36.6,36.62,36.6,36.61,23494
INTC,201702081125,36.61,36.63,36.6,36.61,64666
INTC,201702081126,36.62,36.62,36.6,36.61,69719
INTC,201702081127,36.62,36.63,36.6,36.62,34295
INTC,201702081128,36.62,36.63,36.62,36.62,48699
INTC,201702081129,36.62,36.63,36.62,36.62,106783
INTC,201702081130,36.62,36.63,36.62,36.63,108084
INTC,201702081131,36.62,36.65,36.62,36.64,147792
INTC,201702081132,36.64,36.64,36.59,36.59,115893
INTC,201702081133,36.59,36.59,36.56,36.58,56742
INTC,201702081134,36.59,36.6,36.56,36.56,40004
INTC,201702081135,36.57,36.57,36.55,36.55,9129
INTC,201702081136,36.55,36.56,36.52,36.53,25326
INTC,201702081137,36.52,36.55,36.5,36.5,82286
INTC,201702081138,36.51,36.51,36.5,36.5,17984
INTC,201702081139,36.51,36.51,36.5,36.5,10520
INTC,201702081140,36.5,36.52,36.5,36.51,31043
INTC,201702081141,36.51,36.51,36.49,36.5,38889
INTC,201702081142,36.5,36.5,36.48,36.48,20956
INTC,201702081143,36.48,36.49,36.47,36.48,37743
INTC,201702081144,36.48,36.48,36.46,36.46,23491
INTC,201702081145,36.46,36.46,36.45,36.46,22118
INTC,201702081146,36.46,36.46,36.45,36.45,11369
INTC,201702081147,36.45,36.45,36.44,36.44,17107
INTC,201702081148,36.44,36.46,36.44,36.46,26819
INTC,201702081149,36.47,36.47,36.45,36.46,22638
INTC,201702081150,36.46,36.47,36.46,36.46,6204
INTC,201702081151,36.46,36.47,36.46,36.47,11985
INTC,201702081152,36.47,36.48,36.47,36.47,8426
INTC,201702081153,36.47,36.49,36.47,36.49,25899
INTC,201702081154,36.49,36.5,36.48,36.48,23702
INTC,201702081155,36.48,36.48,36.45,36.46,24292
INTC,201702081156,36.46,36.47,36.46,36.46,20175
INTC,201702081157,36.46,36.47,36.46,36.47,20912
INTC,201702081158,36.48,36.48,36.47,36.47,14088
INTC,201702081159,36.47,36.47,36.45,36.45,20886
INTC,201702081200,36.46,36.49,36.45,36.48,45293
INTC,201702081201,36.48,36.49,36.48,36.48,9600
INTC,201702081202,36.48,36.5,36.48,36.49,46138
INTC,201702081203,36.5,36.5,36.49,36.5,20842
INTC,201702081204,36.5,36.52,36.5,36.51,9782
INTC,201702081205,36.51,36.52,36.49,36.5,53852
INTC,201702081206,36.5,36.5,36.48,36.48,18165
INTC,201702081207,36.48,36.49,36.47,36.47,18255
INTC,201702081208,36.47,36.47,36.47,36.47,16736
INTC,201702081209,36.48,36.48,36.47,36.48,94482
INTC,201702081210,36.48,36.48,36.45,36.45,21780
INTC,201702081211,36.45,36.45,36.44,36.44,53186
INTC,201702081212,36.45,36.45,36.44,36.44,27242
INTC,201702081213,36.44,36.44,36.43,36.43,9637
INTC,201702081214,36.43,36.46,36.43,36.45,27500
INTC,201702081215,36.44,36.45,36.41,36.41,40462
INTC,201702081216,36.42,36.44,36.41,36.44,33451
INTC,201702081217,36.44,36.44,36.42,36.42,10422
INTC,201702081218,36.42,36.43,36.42,36.42,11530
INTC,201702081219,36.43,36.43,36.43,36.43,4344
INTC,201702081220,36.43,36.43,36.41,36.43,27650
INTC,201702081221,36.43,36.44,36.43,36.44,12420
INTC,201702081222,36.44,36.44,36.42,36.42,14603
INTC,201702081223,36.42,36.42,36.41,36.42,17805
INTC,201702081224,36.41,36.42,36.41,36.41,8377
INTC,201702081225,36.41,36.41,36.39,36.39,40511
INTC,201702081226,36.39,36.41,36.39,36.4,7689
INTC,201702081227,36.4,36.41,36.4,36.4,17065
INTC,201702081228,36.4,36.4,36.38,36.38,31020
INTC,201702081229,36.39,36.4,36.38,36.39,29272
INTC,201702081230,36.39,36.39,36.39,36.39,500
INTC,201702081231,36.39,36.4,36.39,36.39,9185
INTC,201702081232,36.39,36.4,36.39,36.39,6895
INTC,201702081233,36.39,36.39,36.38,36.38,7843
INTC,201702081234,36.38,36.39,36.37,36.38,24608
INTC,201702081235,36.38,36.38,36.37,36.37,32123
INTC,201702081236,36.37,36.37,36.36,36.36,14430
INTC,201702081237,36.36,36.37,36.35,36.35,14936
INTC,201702081238,36.35,36.37,36.34,36.37,47818
INTC,201702081239,36.37,36.37,36.36,36.36,15934
INTC,201702081240,36.36,36.36,36.35,36.36,8600
INTC,201702081241,36.36,36.36,36.35,36.35,6416
INTC,201702081242,36.35,36.36,36.35,36.35,11613
INTC,201702081243,36.35,36.36,36.35,36.36,15640
INTC,201702081244,36.36,36.37,36.36,36.36,16019
INTC,201702081245,36.36,36.37,36.34,36.34,25391
INTC,201702081246,36.34,36.35,36.34,36.34,73202
INTC,201702081247,36.34,36.35,36.34,36.34,15016
INTC,201702081248,36.34,36.37,36.34,36.36,20753
INTC,201702081249,36.36,36.37,36.36,36.36,11627
INTC,201702081250,36.36,36.38,36.36,36.37,22128
INTC,201702081251,36.37,36.37,36.36,36.36,31060
INTC,201702081252,36.36,36.36,36.35,36.36,27296
INTC,201702081253,36.37,36.38,36.37,36.37,13578
INTC,201702081254,36.37,36.39,36.37,36.38,20551
INTC,201702081255,36.39,36.39,36.38,36.38,7000
INTC,201702081256,36.38,36.4,36.38,36.4,51032
INTC,201702081257,36.4,36.41,36.4,36.41,15262
INTC,201702081258,36.41,36.41,36.4,36.4,18066
INTC,201702081259,36.41,36.42,36.4,36.42,20884
INTC,201702081300,36.42,36.43,36.41,36.42,13157
INTC,201702081301,36.42,36.43,36.42,36.43,13685
INTC,201702081302,36.42,36.43,36.42,36.43,8503
INTC,201702081303,36.42,36.43,36.42,36.43,26686
INTC,201702081304,36.43,36.44,36.42,36.43,47483
INTC,201702081305,36.44,36.45,36.4,36.4,102411
INTC,201702081306,36.4,36.41,36.4,36.4,26994
INTC,201702081307,36.4,36.43,36.4,36.42,59769
INTC,201702081308,36.42,36.44,36.42,36.44,64595
INTC,201702081309,36.43,36.46,36.43,36.45,70867
INTC,201702081310,36.46,36.48,36.45,36.48,53754
INTC,201702081311,36.47,36.49,36.47,36.47,77818
INTC,201702081312,36.47,36.47,36.46,36.46,32759
INTC,201702081313,36.46,36.48,36.46,36.47,64085
INTC,201702081314,36.47,36.47,36.45,36.45,20998
INTC,201702081315,36.45,36.46,36.45,36.45,21923
INTC,201702081316,36.45,36.45,36.43,36.43,31064
INTC,201702081317,36.43,36.44,36.42,36.42,26652
INTC,201702081318,36.42,36.43,36.42,36.42,27564
INTC,201702081319,36.43,36.43,36.42,36.42,16254
INTC,201702081320,36.42,36.43,36.42,36.42,18476
INTC,201702081321,36.42,36.43,36.41,36.41,22343
INTC,201702081322,36.41,36.42,36.41,36.41,12911
INTC,201702081323,36.41,36.41,36.4,36.4,39727
INTC,201702081324,36.4,36.41,36.39,36.4,80602
INTC,201702081325,36.4,36.43,36.4,36.43,76414
INTC,201702081326,36.43,36.43,36.42,36.42,14539
INTC,201702081327,36.42,36.42,36.41,36.41,21008
INTC,201702081328,36.41,36.42,36.41,36.41,17463
INTC,201702081329,36.41,36.41,36.41,36.41,8460
INTC,201702081330,36.41,36.42,36.4,36.4,29860
INTC,201702081331,36.41,36.42,36.4,36.41,18922
INTC,201702081332,36.41,36.41,36.4,36.41,12253
INTC,201702081333,36.4,36.4,36.4,36.4,7617
INTC,201702081334,36.4,36.41,36.4,36.4,16444
INTC,201702081335,36.4,36.41,36.4,36.4,11522
INTC,201702081336,36.4,36.41,36.4,36.4,27820
INTC,201702081337,36.41,36.41,36.4,36.4,61133
INTC,201702081338,36.41,36.44,36.41,36.41,91813
INTC,201702081339,36.41,36.43,36.41,36.43,53806
INTC,201702081340,36.43,36.44,36.43,36.43,45032
INTC,201702081341,36.42,36.43,36.4,36.41,131363
INTC,201702081342,36.41,36.42,36.4,36.41,43638
INTC,201702081343,36.41,36.41,36.4,36.4,5195
INTC,201702081344,36.4,36.41,36.4,36.4,10503
INTC,201702081345,36.4,36.41,36.4,36.4,10534
INTC,201702081346,36.4,36.41,36.4,36.4,75384
INTC,201702081347,36.4,36.41,36.4,36.4,28870
INTC,201702081348,36.41,36.42,36.4,36.42,29511
INTC,201702081349,36.42,36.44,36.42,36.44,16989
INTC,201702081350,36.44,36.44,36.42,36.42,27330
INTC,201702081351,36.42,36.44,36.42,36.43,68327
INTC,201702081352,36.44,36.44,36.43,36.43,12737
INTC,201702081353,36.43,36.44,36.43,36.44,7297
INTC,201702081354,36.43,36.47,36.43,36.46,69352
INTC,201702081355,36.46,36.47,36.45,36.46,60582
INTC,201702081356,36.46,36.48,36.46,36.47,54135
INTC,201702081357,36.46,36.46,36.45,36.45,22981
INTC,201702081358,36.45,36.45,36.45,36.45,5075
INTC,201702081359,36.45,36.45,36.43,36.43,77182
INTC,201702081400,36.43,36.44,36.43,36.44,12210
INTC,201702081401,36.44,36.45,36.43,36.43,26016
INTC,201702081402,36.44,36.45,36.44,36.44,8686
INTC,201702081403,36.44,36.44,36.44,36.44,17994
INTC,201702081404,36.44,36.44,36.43,36.43,27410
INTC,201702081405,36.43,36.45,36.43,36.44,30925
INTC,201702081406,36.44,36.44,36.43,36.43,28431
INTC,201702081407,36.43,36.44,36.43,36.43,23001
INTC,201702081408,36.44,36.44,36.42,36.42,24093
INTC,201702081409,36.42,36.43,36.41,36.41,25241
INTC,201702081410,36.41,36.42,36.41,36.41,11145
INTC,201702081411,36.41,36.42,36.41,36.41,4562
INTC,201702081412,36.41,36.41,36.41,36.41,10620
INTC,201702081413,36.41,36.41,36.41,36.41,6045
INTC,201702081414,36.41,36.44,36.41,36.41,84447
INTC,201702081415,36.44,36.47,36.43,36.46,47366
INTC,201702081416,36.46,36.47,36.45,36.45,60197
INTC,201702081417,36.45,36.45,36.44,36.44,21734
INTC,201702081418,36.44,36.44,36.44,36.44,9750
INTC,201702081419,36.44,36.44,36.44,36.44,9733
INTC,201702081420,36.44,36.44,36.43,36.43,47608
INTC,201702081421,36.43,36.44,36.43,36.43,28231
INTC,201702081422,36.43,36.46,36.43,36.45,69048
INTC,201702081423,36.45,36.46,36.45,36.45,26171
INTC,201702081424,36.45,36.46,36.45,36.45,22390
INTC,201702081425,36.46,36.46,36.44,36.44,21297
INTC,201702081426,36.44,36.45,36.44,36.44,8133
INTC,201702081427,36.42,36.43,36.41,36.42,53298
INTC,201702081428,36.41,36.42,36.41,36.41,12644
INTC,201702081429,36.41,36.42,36.41,36.41,16930
INTC,201702081430,36.41,36.42,36.41,36.41,7474
INTC,201702081431,36.41,36.41,36.4,36.4,53091
INTC,201702081432,36.4,36.41,36.4,36.41,6495
INTC,201702081433,36.41,36.44,36.4,36.44,185726
INTC,201702081434,36.44,36.47,36.44,36.45,70532
INTC,201702081435,36.44,36.45,36.44,36.45,13495
INTC,201702081436,36.46,36.46,36.43,36.44,30482
INTC,201702081437,36.43,36.44,36.42,36.42,10862
INTC,201702081438,36.42,36.43,36.42,36.42,7347
INTC,201702081439,36.43,36.44,36.42,36.43,17709
INTC,201702081440,36.43,36.44,36.43,36.44,12674
INTC,201702081441,36.44,36.44,36.43,36.44,10379
INTC,201702081442,36.44,36.44,36.43,36.44,22071
INTC,201702081443,36.44,36.45,36.44,36.44,9904
INTC,201702081444,36.44,36.44,36.42,36.42,29374
INTC,201702081445,36.42,36.44,36.42,36.44,22956
INTC,201702081446,36.44,36.44,36.43,36.44,10417
INTC,201702081447,36.44,36.44,36.42,36.43,20097
INTC,201702081448,36.43,36.43,36.42,36.42,6450
INTC,201702081449,36.43,36.44,36.42,36.43,34958
INTC,201702081450,36.44,36.45,36.43,36.45,10046
INTC,201702081451,36.44,36.45,36.44,36.44,29349
INTC,201702081452,36.45,36.45,36.44,36.45,27962
INTC,201702081453,36.44,36.45,36.43,36.43,41098
INTC,201702081454,36.43,36.45,36.43,36.45,51431
INTC,201702081455,36.45,36.46,36.44,36.45,25156
INTC,201702081456,36.45,36.46,36.45,36.45,17846
INTC,201702081457,36.45,36.46,36.45,36.45,8847
INTC,201702081458,36.45,36.46,36.44,36.44,27284
INTC,201702081459,36.45,36.45,36.44,36.45,31588
INTC,201702081500,36.45,36.46,36.44,36.46,72213
INTC,201702081501,36.46,36.46,36.44,36.45,57856
INTC,201702081502,36.46,36.47,36.44,36.46,92392
INTC,201702081503,36.47,36.48,36.47,36.48,50500
INTC,201702081504,36.48,36.49,36.47,36.47,118205
INTC,201702081505,36.47,36.47,36.44,36.45,200321
INTC,201702081506,36.45,36.45,36.44,36.44,74451
INTC,201702081507,36.44,36.45,36.44,36.44,19927
INTC,201702081508,36.44,36.45,36.44,36.44,88973
INTC,201702081509,36.44,36.44,36.43,36.43,34446
INTC,201702081510,36.44,36.45,36.43,36.43,103386
INTC,201702081511,36.43,36.43,36.42,36.43,23046
INTC,201702081512,36.43,36.43,36.42,36.42,40780
INTC,201702081513,36.42,36.43,36.42,36.42,7937
INTC,201702081514,36.42,36.43,36.41,36.42,21120
INTC,201702081515,36.41,36.43,36.41,36.42,30155
INTC,201702081516,36.42,36.42,36.41,36.42,26715
INTC,201702081517,36.42,36.42,36.41,36.41,18298
INTC,201702081518,36.41,36.42,36.41,36.42,20266
INTC,201702081519,36.42,36.43,36.41,36.42,45558
INTC,201702081520,36.42,36.43,36.42,36.42,17016
INTC,201702081521,36.42,36.43,36.42,36.42,18083
INTC,201702081522,36.42,36.43,36.42,36.42,16010
INTC,201702081523,36.42,36.43,36.42,36.42,14728
INTC,201702081524,36.42,36.45,36.42,36.44,90349
INTC,201702081525,36.44,36.44,36.44,36.44,8030
INTC,201702081526,36.43,36.44,36.43,36.43,10081
INTC,201702081527,36.43,36.44,36.43,36.43,13997
INTC,201702081528,36.44,36.47,36.43,36.45,74261
INTC,201702081529,36.45,36.46,36.45,36.45,193742
INTC,201702081530,36.45,36.46,36.44,36.44,43528
INTC,201702081531,36.44,36.45,36.44,36.44,81062
INTC,201702081532,36.44,36.45,36.44,36.44,22410
INTC,201702081533,36.44,36.45,36.44,36.44,146843
INTC,201702081534,36.44,36.44,36.42,36.42,48150
INTC,201702081535,36.42,36.43,36.42,36.42,30475
INTC,201702081536,36.43,36.44,36.42,36.43,64263
INTC,201702081537,36.44,36.44,36.42,36.43,48907
INTC,201702081538,36.42,36.43,36.42,36.42,43600
INTC,201702081539,36.42,36.43,36.42,36.42,38886
INTC,201702081540,36.42,36.43,36.42,36.42,20178
INTC,201702081541,36.42,36.43,36.42,36.42,36828
INTC,201702081542,36.42,36.43,36.42,36.42,28314
INTC,201702081543,36.42,36.44,36.42,36.44,103058
INTC,201702081544,36.44,36.44,36.43,36.44,19248
INTC,201702081545,36.44,36.44,36.42,36.44,89936
INTC,201702081546,36.43,36.44,36.43,36.43,32613
INTC,201702081547,36.43,36.43,36.42,36.42,21763
INTC,201702081548,36.41,36.43,36.41,36.42,36969
INTC,201702081549,36.42,36.43,36.42,36.42,37731
INTC,201702081550,36.42,36.43,36.41,36.41,83386
INTC,201702081551,36.41,36.42,36.4,36.4,95494
INTC,201702081552,36.4,36.41,36.38,36.38,81408
INTC,201702081553,36.38,36.39,36.37,36.37,109384
INTC,201702081554,36.38,36.39,36.37,36.38,158541
INTC,201702081555,36.38,36.39,36.38,36.38,87022
INTC,201702081556,36.38,36.39,36.38,36.38,70712
INTC,201702081557,36.38,36.38,36.35,36.37,366682
INTC,201702081558,36.37,36.38,36.36,36.37,96831
INTC,201702081559,36.37,36.38,36.36,36.37,352644
INTC,201702081600,36.38,36.38,36.38,36.38,1311217
INTC,201702081602,36.4,36.4,36.4,36.4,200
INTC,201702081614,36.38,36.38,36.38,36.38,18036
INTC,201702081619,36.38,36.38,36.38,36.38,141472
INTC,201702081626,36.47,36.47,36.47,36.47,200
INTC,201702081629,36.46,36.46,36.46,36.46,100
INTC,201702081640,36.47,36.47,36.47,36.47,100
