<ticker>,<date>,<open>,<high>,<low>,<close>,<vol>
LMT,201612220930,252.01,252.66,252,252.58,29573
LMT,201612220931,252.7,253.5,252.51,252.87,7255
LMT,201612220932,253.2,253.34,253.06,253.11,1775
LMT,201612220933,252.91,253.31,252.86,253.2,1343
LMT,201612220934,252.96,253.09,252.79,252.95,1684
LMT,201612220935,252.91,253.28,252.75,253.16,6590
LMT,201612220936,252.97,253.08,252.62,252.98,10674
LMT,201612220937,252.81,253.24,252.79,253.03,10843
LMT,201612220938,253.11,253.11,252.7,253.04,3859
LMT,201612220939,252.84,252.85,252.56,252.56,4339
LMT,201612220940,252.42,252.42,252.06,252.33,4692
LMT,201612220941,252.27,252.27,252.05,252.18,700
LMT,201612220942,252.15,252.32,251.81,252.32,4959
LMT,201612220943,252.23,252.28,252.23,252.28,600
LMT,201612220944,252.24,252.24,252.07,252.1,1211
LMT,201612220945,252.09,252.09,251.89,251.9,2876
LMT,201612220946,252,252,252,252,100
LMT,201612220947,252,252,252,252,100
LMT,201612220948,252.09,252.09,251.92,251.92,1067
LMT,201612220949,251.95,251.98,251.89,251.98,715
LMT,201612220950,251.99,251.99,251.75,251.75,1299
LMT,201612220951,251.84,251.89,251.74,251.82,3090
LMT,201612220952,251.76,251.76,251.7,251.74,1858
LMT,201612220953,251.79,251.79,251.79,251.79,100
LMT,201612220954,251.7,251.73,251.66,251.66,3775
LMT,201612220955,251.67,251.67,251.61,251.65,1100
LMT,201612220956,251.7,251.95,251.69,251.94,2300
LMT,201612220957,251.91,251.94,251.85,251.85,800
LMT,201612220958,251.89,252.12,251.89,252.12,2062
LMT,201612220959,252.07,252.35,252.07,252.35,1820
LMT,201612221000,252.35,252.39,252.25,252.37,2431
LMT,201612221001,252.37,252.63,252.32,252.61,2954
LMT,201612221002,252.48,252.59,252.42,252.55,1800
LMT,201612221003,252.46,252.55,252.2,252.2,1550
LMT,201612221004,252.21,252.32,252.14,252.25,2716
LMT,201612221005,252.16,252.25,252.16,252.24,800
LMT,201612221006,252.16,252.16,251.81,251.81,2657
LMT,201612221007,251.84,251.84,251.69,251.8,945
LMT,201612221008,251.83,251.83,251.71,251.83,513
LMT,201612221009,251.84,251.84,251.5,251.5,1650
LMT,201612221010,251.51,251.51,251.49,251.49,200
LMT,201612221011,251.54,251.54,251.48,251.48,300
LMT,201612221012,251.49,251.49,251.48,251.48,200
LMT,201612221013,251.47,251.61,251.34,251.53,1800
LMT,201612221014,251.28,251.42,251.24,251.24,3672
LMT,201612221015,251.33,251.41,251.26,251.26,1300
LMT,201612221016,251.33,251.52,251.33,251.46,4555
LMT,201612221017,251.52,251.59,251.52,251.59,901
LMT,201612221018,251.53,251.71,251.53,251.7,860
LMT,201612221019,251.86,251.86,251.69,251.69,1600
LMT,201612221020,251.69,251.71,251.65,251.71,2100
LMT,201612221021,251.76,251.81,251.66,251.76,1180
LMT,201612221022,251.88,251.88,251.88,251.88,100
LMT,201612221023,251.86,251.88,251.81,251.88,300
LMT,201612221024,251.73,251.73,251.73,251.73,300
LMT,201612221025,251.7,251.7,251.64,251.64,400
LMT,201612221026,251.58,251.58,251.58,251.58,100
LMT,201612221027,251.58,251.58,251.48,251.5,1646
LMT,201612221028,251.41,251.44,251.4,251.44,2000
LMT,201612221029,251.42,251.42,251.33,251.4,793
LMT,201612221030,251.37,251.4,251.32,251.38,2089
LMT,201612221031,251.36,251.5,251.3,251.36,1510
LMT,201612221032,251.48,251.6,251.41,251.58,2512
LMT,201612221033,251.45,251.63,251.45,251.63,892
LMT,201612221034,251.6,251.71,251.46,251.46,2400
LMT,201612221035,251.38,251.41,251.38,251.39,1335
LMT,201612221036,251.33,251.33,251.2,251.22,1000
LMT,201612221037,251.22,251.29,251.22,251.29,550
LMT,201612221038,251.23,251.3,251.21,251.21,800
LMT,201612221039,251.29,251.29,251.1,251.22,1600
LMT,201612221040,251.24,251.36,251.17,251.3,2699
LMT,201612221041,251.37,251.52,251.35,251.49,1400
LMT,201612221042,251.42,251.48,251.42,251.48,489
LMT,201612221043,251.43,251.53,251.43,251.53,710
LMT,201612221044,251.6,251.65,251.6,251.62,627
LMT,201612221045,251.65,251.67,251.38,251.39,3405
LMT,201612221046,251.28,251.41,251.26,251.26,2354
LMT,201612221047,251.26,251.44,251.24,251.44,1711
LMT,201612221048,251.39,251.57,251.39,251.57,900
LMT,201612221049,251.51,251.51,251.51,251.51,100
LMT,201612221050,251.52,251.58,251.52,251.56,600
LMT,201612221051,251.43,251.56,251.43,251.56,300
LMT,201612221052,251.53,251.57,251.49,251.56,1250
LMT,201612221053,251.56,251.64,251.56,251.64,600
LMT,201612221054,251.57,251.67,251.57,251.6,1076
LMT,201612221055,251.61,251.67,251.6,251.67,753
LMT,201612221056,251.61,251.71,251.58,251.71,2000
LMT,201612221057,251.68,251.79,251.68,251.79,2078
LMT,201612221058,251.85,251.85,251.65,251.77,2071
LMT,201612221059,251.7,251.72,251.58,251.58,431
LMT,201612221100,251.52,251.75,251.52,251.65,1300
LMT,201612221101,251.88,251.93,251.88,251.93,600
LMT,201612221102,251.89,251.97,251.89,251.91,500
LMT,201612221103,251.95,251.95,251.84,251.91,3613
LMT,201612221104,251.85,251.9,251.85,251.9,370
LMT,201612221105,251.99,252.05,251.92,252.05,5125
LMT,201612221106,252.01,252.16,251.97,252.16,6116
LMT,201612221107,252.07,252.11,252.07,252.11,420
LMT,201612221108,252.12,252.37,252.12,252.37,2866
LMT,201612221109,252.29,252.29,252.11,252.14,700
LMT,201612221110,252.1,252.19,252.05,252.13,850
LMT,201612221111,252.05,252.12,252,252,500
LMT,201612221112,252,252,252,252,600
LMT,201612221113,251.86,251.86,251.85,251.85,300
LMT,201612221114,251.89,251.89,251.86,251.86,200
LMT,201612221115,251.96,251.96,251.8,251.81,1151
LMT,201612221116,251.83,252.04,251.69,252.04,2241
LMT,201612221118,252.06,252.06,251.98,251.98,216
LMT,201612221119,251.98,252.12,251.91,252.04,8898
LMT,201612221120,252.04,252.14,252.04,252.1,1014
LMT,201612221121,252.1,252.1,251.97,251.97,1354
LMT,201612221123,252,252.06,251.97,252.02,1527
LMT,201612221124,252.07,252.17,252.07,252.17,400
LMT,201612221125,252.08,252.08,252.08,252.08,100
LMT,201612221126,252.08,252.2,252.07,252.2,300
LMT,201612221127,252.05,252.07,251.97,252.03,600
LMT,201612221128,252,252,252,252,100
LMT,201612221129,252.01,252.01,252.01,252.01,395
LMT,201612221130,252.02,252.19,252.02,252.19,1200
LMT,201612221131,252.01,252.2,252.01,252.2,1100
LMT,201612221132,252.14,252.14,252.14,252.14,100
LMT,201612221133,252.14,252.14,252,252,921
LMT,201612221135,251.9,251.9,251.9,251.9,119
LMT,201612221136,251.84,251.92,251.84,251.92,350
LMT,201612221137,251.98,252,251.94,252,1879
LMT,201612221138,252.04,252.13,252.01,252.13,500
LMT,201612221139,252.13,252.13,252.13,252.13,250
LMT,201612221140,252.07,252.07,251.96,252.01,1295
LMT,201612221141,252.05,252.05,252.05,252.05,100
LMT,201612221142,251.97,251.97,251.97,251.97,100
LMT,201612221143,251.94,252.07,251.94,252.01,1550
LMT,201612221144,252.1,252.11,252.02,252.02,400
LMT,201612221145,251.97,251.97,251.92,251.95,600
LMT,201612221147,251.97,251.97,251.9,251.96,650
LMT,201612221148,251.91,251.93,251.91,251.93,200
LMT,201612221149,251.91,251.93,251.9,251.9,954
LMT,201612221150,251.94,252.07,251.9,252.07,816
LMT,201612221151,251.95,251.96,251.95,251.96,300
LMT,201612221152,252.03,252.03,251.96,251.96,223
LMT,201612221153,252.01,252.01,252.01,252.01,630
LMT,201612221154,252.03,252.03,251.98,251.98,200
LMT,201612221155,252.05,252.11,252.05,252.11,535
LMT,201612221156,252.06,252.06,252.01,252.02,750
LMT,201612221157,252.08,252.08,252.03,252.03,674
LMT,201612221158,252.04,252.12,252.03,252.12,1737
LMT,201612221159,251.99,252.05,251.99,252.05,300
LMT,201612221200,251.96,251.96,251.95,251.96,500
LMT,201612221201,251.97,251.99,251.81,251.89,2086
LMT,201612221202,251.85,251.91,251.85,251.9,1013
LMT,201612221203,251.96,252,251.96,252,500
LMT,201612221204,251.99,252.19,251.93,252.14,829
LMT,201612221205,252.21,252.21,252.02,252.02,400
LMT,201612221207,252.19,252.19,252.03,252.11,1036
LMT,201612221209,252.09,252.12,252.09,252.12,346
LMT,201612221210,252.11,252.11,252.11,252.11,200
LMT,201612221211,252.15,252.15,252,252,1278
LMT,201612221212,251.98,252.05,251.98,252.05,500
LMT,201612221213,252.06,252.07,251.98,252.03,3550
LMT,201612221214,251.97,251.99,251.97,251.99,240
LMT,201612221215,252.02,252.02,251.95,251.95,500
LMT,201612221216,251.99,252.01,251.8,251.8,1830
LMT,201612221219,251.9,251.9,251.9,251.9,100
LMT,201612221220,251.84,251.84,251.84,251.84,200
LMT,201612221221,251.79,251.83,251.74,251.76,1098
LMT,201612221223,251.8,251.85,251.71,251.8,627
LMT,201612221224,251.74,251.85,251.74,251.85,800
LMT,201612221225,251.87,252.03,251.87,252,1379
LMT,201612221226,252,252,252,252,200
LMT,201612221227,251.99,251.99,251.95,251.95,300
LMT,201612221228,252,252,251.92,251.92,300
LMT,201612221229,252,252,251.92,251.92,500
LMT,201612221230,251.94,252.08,251.92,252.07,1900
LMT,201612221231,252.02,252.05,252.01,252.05,400
LMT,201612221232,252.01,252.13,252.01,252.06,517
LMT,201612221233,252.11,252.11,252.01,252.01,1298
LMT,201612221234,251.99,251.99,251.98,251.98,300
LMT,201612221235,251.97,251.97,251.91,251.91,500
LMT,201612221236,251.94,252.12,251.94,252.12,1099
LMT,201612221237,252.16,252.26,252.16,252.26,1195
LMT,201612221238,252.23,252.23,252.23,252.23,100
LMT,201612221239,252.31,252.31,252.25,252.25,316
LMT,201612221240,252.33,252.33,252.29,252.29,200
LMT,201612221241,252.33,252.45,252.29,252.35,1600
LMT,201612221242,252.37,252.44,252.37,252.44,534
LMT,201612221243,252.38,252.38,252.38,252.38,130
LMT,201612221244,252.39,252.4,252.34,252.34,685
LMT,201612221245,252.44,252.47,252.37,252.37,3673
LMT,201612221246,252.37,252.39,252.32,252.32,1100
LMT,201612221247,252.41,252.41,252.35,252.41,1815
LMT,201612221248,252.33,252.33,252.33,252.33,100
LMT,201612221249,252.42,252.43,252.34,252.43,917
LMT,201612221250,252.39,252.39,252.39,252.39,100
LMT,201612221251,252.38,252.43,252.38,252.43,300
LMT,201612221252,252.42,252.42,252.4,252.4,436
LMT,201612221253,252.39,252.53,252.39,252.48,3532
LMT,201612221254,252.49,252.49,252.49,252.49,1750
LMT,201612221255,252.53,252.58,252.53,252.58,471
LMT,201612221256,252.69,252.69,252.58,252.58,550
LMT,201612221257,252.64,252.67,252.64,252.67,600
LMT,201612221259,252.71,252.71,252.71,252.71,160
LMT,201612221300,252.69,252.7,252.59,252.7,1281
LMT,201612221301,252.63,252.63,252.63,252.63,100
LMT,201612221303,252.58,252.58,252.58,252.58,100
LMT,201612221304,252.58,252.58,252.58,252.58,200
LMT,201612221305,252.6,252.64,252.54,252.64,6275
LMT,201612221306,252.6,252.68,252.59,252.59,2596
LMT,201612221307,252.6,252.64,252.6,252.64,211
LMT,201612221308,252.6,252.67,252.6,252.6,1325
LMT,201612221309,252.65,252.65,252.61,252.61,625
LMT,201612221310,252.68,252.68,252.65,252.65,490
LMT,201612221311,252.69,252.7,252.69,252.7,500
LMT,201612221312,252.63,252.74,252.63,252.74,642
LMT,201612221313,252.68,252.68,252.68,252.68,100
LMT,201612221314,252.68,252.68,252.68,252.68,100
LMT,201612221315,252.66,252.71,252.66,252.71,338
LMT,201612221316,252.67,252.71,252.65,252.66,1543
LMT,201612221317,252.67,252.67,252.67,252.67,119
LMT,201612221318,252.67,252.71,252.67,252.69,600
LMT,201612221319,252.68,252.68,252.68,252.68,200
LMT,201612221320,252.69,252.75,252.69,252.73,1500
LMT,201612221322,252.71,252.71,252.65,252.68,745
LMT,201612221323,252.71,252.71,252.71,252.71,100
LMT,201612221324,252.63,252.68,252.63,252.68,443
LMT,201612221325,252.67,252.71,252.65,252.65,1100
LMT,201612221327,252.73,252.73,252.73,252.73,100
LMT,201612221329,252.68,252.68,252.68,252.68,100
LMT,201612221330,252.63,252.69,252.61,252.69,1540
LMT,201612221332,252.6,252.65,252.6,252.65,200
LMT,201612221334,252.64,252.64,252.63,252.63,227
LMT,201612221335,252.6,252.6,252.51,252.57,816
LMT,201612221336,252.5,252.5,252.48,252.48,1200
LMT,201612221337,252.42,252.44,252.42,252.44,400
LMT,201612221338,252.43,252.43,252.43,252.43,166
LMT,201612221339,252.45,252.62,252.44,252.62,1811
LMT,201612221340,252.57,252.65,252.56,252.59,900
LMT,201612221342,252.58,252.65,252.58,252.58,650
LMT,201612221343,252.58,252.58,252.58,252.58,253
LMT,201612221344,252.57,252.66,252.56,252.57,1750
LMT,201612221345,252.57,252.57,252.57,252.57,900
LMT,201612221346,252.63,252.66,252.58,252.58,966
LMT,201612221347,252.58,252.58,252.38,252.38,3033
LMT,201612221348,252.47,252.5,252.47,252.5,1237
LMT,201612221349,252.49,252.5,252.48,252.49,1166
LMT,201612221350,252.49,252.49,252.49,252.49,200
LMT,201612221351,252.49,252.51,252.49,252.49,300
LMT,201612221352,252.44,252.44,252.32,252.33,500
LMT,201612221353,252.32,252.32,252.32,252.32,100
LMT,201612221354,252.38,252.47,252.32,252.32,1797
LMT,201612221355,252.34,252.47,252.34,252.47,2356
LMT,201612221356,252.45,252.45,252.42,252.45,6800
LMT,201612221357,252.48,252.53,252.45,252.52,3000
LMT,201612221358,252.43,252.54,252.37,252.54,2596
LMT,201612221359,252.5,252.5,252.43,252.43,300
LMT,201612221400,252.48,252.53,252.48,252.53,1104
LMT,201612221401,252.48,252.49,252.44,252.44,1345
LMT,201612221402,252.46,252.54,252.46,252.47,4703
LMT,201612221403,252.49,252.49,252.45,252.48,800
LMT,201612221404,252.47,252.47,252.47,252.47,1100
LMT,201612221405,252.49,252.49,252.47,252.49,1500
LMT,201612221406,252.49,252.54,252.49,252.54,1150
LMT,201612221407,252.5,252.5,252.44,252.44,200
LMT,201612221408,252.5,252.5,252.5,252.5,100
LMT,201612221410,252.47,252.54,252.45,252.45,1400
LMT,201612221411,252.54,252.54,252.53,252.53,500
LMT,201612221412,252.52,252.53,252.52,252.53,500
LMT,201612221413,252.51,252.51,252.5,252.5,265
LMT,201612221415,252.52,252.6,252.5,252.5,800
LMT,201612221416,252.5,252.5,252.47,252.47,226
LMT,201612221417,252.49,252.52,252.49,252.52,700
LMT,201612221418,252.48,252.51,252.48,252.51,300
LMT,201612221419,252.54,252.56,252.49,252.49,700
LMT,201612221420,252.63,252.65,252.56,252.63,700
LMT,201612221421,252.6,252.7,252.6,252.66,1400
LMT,201612221422,252.73,252.79,252.63,252.63,984
LMT,201612221423,252.83,252.83,252.75,252.75,200
LMT,201612221424,252.85,252.85,252.85,252.85,100
LMT,201612221425,252.77,252.77,252.73,252.73,364
LMT,201612221426,252.79,252.79,252.79,252.79,100
LMT,201612221427,252.85,252.86,252.82,252.86,900
LMT,201612221428,252.87,252.87,252.85,252.85,200
LMT,201612221429,252.83,252.87,252.82,252.87,400
LMT,201612221430,252.75,252.79,252.75,252.79,1000
LMT,201612221432,252.83,252.83,252.69,252.81,1300
LMT,201612221433,252.69,252.69,252.69,252.69,288
LMT,201612221434,252.61,252.7,252.59,252.59,500
LMT,201612221435,252.62,252.66,252.62,252.63,623
LMT,201612221436,252.63,252.63,252.63,252.63,108
LMT,201612221437,252.63,252.63,252.61,252.61,300
LMT,201612221438,252.63,252.7,252.55,252.65,1740
LMT,201612221439,252.69,252.69,252.69,252.69,200
LMT,201612221440,252.72,252.73,252.72,252.73,577
LMT,201612221441,252.72,252.78,252.72,252.78,400
LMT,201612221442,252.76,252.76,252.76,252.76,200
LMT,201612221443,252.7,252.7,252.7,252.7,106
LMT,201612221444,252.71,252.75,252.65,252.65,3428
LMT,201612221445,252.7,252.71,252.67,252.67,300
LMT,201612221446,252.69,252.72,252.69,252.72,845
LMT,201612221447,252.74,252.74,252.71,252.71,200
LMT,201612221448,252.71,252.77,252.68,252.68,600
LMT,201612221449,252.77,252.77,252.71,252.77,400
LMT,201612221450,252.7,252.73,252.68,252.73,1039
LMT,201612221451,252.78,252.78,252.76,252.76,286
LMT,201612221452,252.75,252.84,252.75,252.84,725
LMT,201612221453,252.83,252.83,252.83,252.83,1014
LMT,201612221454,252.87,252.87,252.82,252.82,400
LMT,201612221455,252.78,252.86,252.75,252.79,1126
LMT,201612221456,252.78,252.82,252.78,252.82,700
LMT,201612221457,252.89,252.93,252.89,252.89,1000
LMT,201612221459,252.9,252.9,252.9,252.9,200
LMT,201612221500,252.95,253.01,252.9,253.01,4163
LMT,201612221501,253.02,253.02,253.02,253.02,100
LMT,201612221502,253.02,253.02,252.94,252.95,3216
LMT,201612221503,253.01,253.12,252.98,253.03,9351
LMT,201612221504,253.06,253.06,253.01,253.04,2357
LMT,201612221505,253.02,253.06,252.95,252.95,1717
LMT,201612221506,252.88,252.88,252.72,252.73,5867
LMT,201612221507,252.75,252.75,252.7,252.7,500
LMT,201612221508,252.72,252.72,252.66,252.72,5100
LMT,201612221510,252.65,252.69,252.53,252.69,4876
LMT,201612221511,252.7,252.7,252.7,252.7,195
LMT,201612221512,252.68,252.72,252.62,252.72,358
LMT,201612221513,252.66,252.73,252.66,252.73,300
LMT,201612221514,252.67,252.67,252.6,252.65,663
LMT,201612221515,252.65,252.65,252.64,252.64,489
LMT,201612221516,252.66,252.69,252.66,252.69,645
LMT,201612221517,252.68,252.68,252.63,252.63,359
LMT,201612221518,252.7,252.7,252.7,252.7,200
LMT,201612221519,252.7,252.7,252.69,252.69,300
LMT,201612221520,252.71,252.72,252.62,252.62,3355
LMT,201612221521,252.64,252.68,252.64,252.68,1216
LMT,201612221522,252.72,252.72,252.66,252.66,400
LMT,201612221523,252.66,252.66,252.66,252.66,100
LMT,201612221524,252.64,252.65,252.64,252.65,239
LMT,201612221525,252.64,252.85,252.64,252.79,2876
LMT,201612221526,252.78,252.84,252.78,252.84,500
LMT,201612221527,252.78,252.78,252.78,252.78,212
LMT,201612221528,252.77,252.77,252.74,252.74,800
LMT,201612221529,252.78,252.81,252.76,252.77,634
LMT,201612221530,252.78,252.81,252.76,252.78,1097
LMT,201612221531,252.79,252.79,252.76,252.78,1343
LMT,201612221532,252.78,252.78,252.65,252.65,2702
LMT,201612221533,252.63,252.67,252.58,252.63,3860
LMT,201612221534,252.67,252.67,252.57,252.6,3991
LMT,201612221535,252.62,252.66,252.58,252.64,1892
LMT,201612221536,252.66,252.74,252.65,252.71,2046
LMT,201612221537,252.7,252.7,252.63,252.67,1575
LMT,201612221538,252.68,252.68,252.68,252.68,100
LMT,201612221539,252.69,252.69,252.58,252.65,2399
LMT,201612221540,252.65,252.81,252.65,252.76,2823
LMT,201612221541,252.75,252.85,252.75,252.77,997
LMT,201612221542,252.81,252.83,252.75,252.75,1122
LMT,201612221543,252.75,252.76,252.75,252.76,300
LMT,201612221544,252.74,252.78,252.67,252.69,4559
LMT,201612221545,252.74,252.77,252.7,252.7,1200
LMT,201612221546,252.69,252.78,252.69,252.75,1267
LMT,201612221547,252.83,252.83,252.78,252.78,1107
LMT,201612221548,252.73,252.8,252.67,252.67,979
LMT,201612221549,252.7,252.71,252.6,252.67,9035
LMT,201612221550,252.67,252.74,252.65,252.72,3998
LMT,201612221551,252.75,252.75,252.68,252.68,855
LMT,201612221552,252.72,252.82,252.72,252.78,4786
LMT,201612221553,252.78,252.81,252.75,252.81,9062
LMT,201612221554,252.78,252.82,252.75,252.78,6207
LMT,201612221555,252.82,252.83,252.78,252.78,2325
LMT,201612221556,252.8,252.84,252.78,252.81,3866
LMT,201612221557,252.8,252.88,252.8,252.87,4651
LMT,201612221558,252.86,252.86,252.76,252.8,3625
LMT,201612221559,252.77,252.95,252.77,252.81,9630
LMT,201612221602,252.8,252.8,252.8,252.8,84046
