<ticker>,<date>,<open>,<high>,<low>,<close>,<vol>
NWSA,201701180930,12.2,12.2,12.11,12.11,14967
NWSA,201701180932,12.16,12.19,12.16,12.17,3460
NWSA,201701180933,12.15,12.17,12.11,12.15,4406
NWSA,201701180934,12.13,12.14,12.11,12.13,5249
NWSA,201701180935,12.13,12.15,12.12,12.15,1800
NWSA,201701180936,12.15,12.16,12.11,12.14,11031
NWSA,201701180937,12.14,12.16,12.14,12.16,4700
NWSA,201701180938,12.15,12.15,12.13,12.13,2200
NWSA,201701180939,12.14,12.15,12.14,12.15,1100
NWSA,201701180940,12.15,12.18,12.15,12.18,7520
NWSA,201701180941,12.18,12.18,12.17,12.17,3770
NWSA,201701180942,12.17,12.18,12.15,12.15,2300
NWSA,201701180943,12.15,12.17,12.15,12.17,3062
NWSA,201701180944,12.17,12.17,12.12,12.13,12052
NWSA,201701180945,12.14,12.15,12.12,12.12,8912
NWSA,201701180946,12.12,12.12,12.12,12.12,2700
NWSA,201701180947,12.12,12.14,12.12,12.13,7615
NWSA,201701180948,12.13,12.13,12.13,12.13,200
NWSA,201701180949,12.13,12.13,12.13,12.13,1500
NWSA,201701180950,12.13,12.13,12.12,12.12,2731
NWSA,201701180951,12.12,12.12,12.1,12.1,6470
NWSA,201701180952,12.11,12.11,12.11,12.11,700
NWSA,201701180953,12.1,12.1,12.1,12.1,300
NWSA,201701180954,12.1,12.1,12.1,12.1,500
NWSA,201701180955,12.1,12.1,12.1,12.1,4545
NWSA,201701180956,12.1,12.1,12.1,12.1,100
NWSA,201701180957,12.1,12.11,12.1,12.11,4617
NWSA,201701180958,12.11,12.11,12.11,12.11,200
NWSA,201701180959,12.12,12.15,12.12,12.15,6441
NWSA,201701181000,12.15,12.17,12.15,12.17,2376
NWSA,201701181001,12.17,12.18,12.15,12.16,15121
NWSA,201701181002,12.16,12.16,12.15,12.16,2877
NWSA,201701181003,12.15,12.15,12.15,12.15,2849
NWSA,201701181004,12.16,12.17,12.16,12.17,5835
NWSA,201701181005,12.18,12.19,12.18,12.18,1700
NWSA,201701181006,12.18,12.18,12.17,12.17,3500
NWSA,201701181007,12.18,12.18,12.17,12.17,400
NWSA,201701181008,12.18,12.18,12.18,12.18,300
NWSA,201701181009,12.18,12.18,12.17,12.17,400
NWSA,201701181010,12.18,12.19,12.17,12.19,4200
NWSA,201701181011,12.2,12.2,12.19,12.2,600
NWSA,201701181012,12.17,12.18,12.17,12.18,4924
NWSA,201701181013,12.18,12.19,12.18,12.18,4109
NWSA,201701181014,12.18,12.19,12.16,12.16,7896
NWSA,201701181015,12.16,12.17,12.16,12.17,3500
NWSA,201701181016,12.17,12.19,12.17,12.18,3417
NWSA,201701181017,12.19,12.19,12.18,12.18,917
NWSA,201701181018,12.19,12.21,12.19,12.21,3494
NWSA,201701181019,12.2,12.21,12.19,12.19,7100
NWSA,201701181020,12.19,12.2,12.19,12.19,2000
NWSA,201701181021,12.19,12.21,12.19,12.21,6527
NWSA,201701181022,12.2,12.21,12.2,12.2,4735
NWSA,201701181023,12.19,12.2,12.18,12.18,3300
NWSA,201701181024,12.17,12.17,12.16,12.16,1600
NWSA,201701181025,12.16,12.16,12.14,12.16,5725
NWSA,201701181026,12.15,12.15,12.14,12.15,4112
NWSA,201701181027,12.15,12.15,12.14,12.14,900
NWSA,201701181028,12.14,12.14,12.13,12.13,8310
NWSA,201701181029,12.13,12.13,12.13,12.13,600
NWSA,201701181030,12.13,12.14,12.13,12.14,4468
NWSA,201701181031,12.14,12.15,12.14,12.15,2400
NWSA,201701181032,12.14,12.15,12.14,12.15,3822
NWSA,201701181033,12.15,12.16,12.14,12.14,6181
NWSA,201701181034,12.14,12.14,12.14,12.14,400
NWSA,201701181035,12.14,12.15,12.14,12.14,1200
NWSA,201701181036,12.14,12.15,12.14,12.14,2200
NWSA,201701181037,12.15,12.15,12.14,12.14,900
NWSA,201701181038,12.14,12.15,12.13,12.13,11659
NWSA,201701181039,12.13,12.13,12.13,12.13,1300
NWSA,201701181040,12.13,12.13,12.1,12.1,6764
NWSA,201701181041,12.1,12.1,12.1,12.1,3498
NWSA,201701181042,12.1,12.1,12.1,12.1,3000
NWSA,201701181043,12.1,12.1,12.09,12.09,2077
NWSA,201701181044,12.09,12.09,12.07,12.07,11157
NWSA,201701181045,12.07,12.09,12.07,12.09,10269
NWSA,201701181046,12.09,12.1,12.09,12.09,3696
NWSA,201701181047,12.09,12.09,12.09,12.09,1200
NWSA,201701181048,12.1,12.1,12.09,12.09,1600
NWSA,201701181049,12.09,12.1,12.09,12.1,1800
NWSA,201701181050,12.09,12.1,12.09,12.09,3100
NWSA,201701181051,12.09,12.1,12.09,12.09,1500
NWSA,201701181052,12.1,12.1,12.09,12.09,1500
NWSA,201701181053,12.1,12.1,12.09,12.1,600
NWSA,201701181054,12.1,12.1,12.09,12.1,1500
NWSA,201701181055,12.09,12.1,12.09,12.09,1600
NWSA,201701181056,12.09,12.11,12.09,12.1,22138
NWSA,201701181057,12.11,12.12,12.1,12.11,10231
NWSA,201701181058,12.12,12.13,12.11,12.13,10681
NWSA,201701181059,12.14,12.14,12.13,12.13,1300
NWSA,201701181100,12.14,12.14,12.13,12.14,2000
NWSA,201701181101,12.13,12.14,12.13,12.14,7757
NWSA,201701181102,12.13,12.13,12.13,12.13,200
NWSA,201701181103,12.13,12.14,12.13,12.13,1100
NWSA,201701181104,12.14,12.14,12.13,12.14,800
NWSA,201701181105,12.14,12.14,12.13,12.13,3000
NWSA,201701181106,12.13,12.14,12.13,12.13,1900
NWSA,201701181107,12.13,12.14,12.13,12.13,2800
NWSA,201701181108,12.13,12.14,12.12,12.12,15700
NWSA,201701181109,12.12,12.12,12.11,12.11,10900
NWSA,201701181110,12.11,12.11,12.1,12.1,6591
NWSA,201701181111,12.1,12.11,12.1,12.1,2000
NWSA,201701181112,12.1,12.1,12.1,12.1,400
NWSA,201701181113,12.1,12.1,12.1,12.1,800
NWSA,201701181114,12.1,12.1,12.1,12.1,4800
NWSA,201701181115,12.1,12.1,12.1,12.1,900
NWSA,201701181116,12.1,12.1,12.1,12.1,1200
NWSA,201701181117,12.1,12.11,12.1,12.1,1400
NWSA,201701181118,12.1,12.11,12.1,12.1,4100
NWSA,201701181119,12.1,12.11,12.1,12.1,600
NWSA,201701181120,12.11,12.11,12.09,12.09,12600
NWSA,201701181121,12.1,12.1,12.09,12.09,4500
NWSA,201701181122,12.09,12.09,12.09,12.09,1300
NWSA,201701181123,12.09,12.1,12.09,12.1,3600
NWSA,201701181124,12.11,12.11,12.1,12.1,2829
NWSA,201701181125,12.11,12.11,12.1,12.11,400
NWSA,201701181126,12.1,12.11,12.1,12.11,1100
NWSA,201701181127,12.1,12.11,12.1,12.11,4275
NWSA,201701181128,12.12,12.12,12.11,12.11,1700
NWSA,201701181129,12.12,12.12,12.11,12.12,700
NWSA,201701181130,12.12,12.12,12.11,12.12,800
NWSA,201701181131,12.11,12.12,12.11,12.12,500
NWSA,201701181132,12.12,12.12,12.11,12.11,1000
NWSA,201701181133,12.12,12.12,12.11,12.11,600
NWSA,201701181134,12.11,12.12,12.11,12.12,1500
NWSA,201701181135,12.11,12.12,12.11,12.11,1100
NWSA,201701181136,12.12,12.12,12.1,12.1,16029
NWSA,201701181137,12.1,12.1,12.1,12.1,300
NWSA,201701181138,12.1,12.1,12.1,12.1,4247
NWSA,201701181139,12.1,12.1,12.1,12.1,400
NWSA,201701181140,12.1,12.11,12.1,12.11,700
NWSA,201701181141,12.11,12.11,12.1,12.1,800
NWSA,201701181142,12.11,12.11,12.1,12.11,600
NWSA,201701181143,12.1,12.11,12.1,12.1,900
NWSA,201701181144,12.1,12.1,12.1,12.1,700
NWSA,201701181145,12.1,12.1,12.1,12.1,1400
NWSA,201701181146,12.1,12.11,12.1,12.1,2500
NWSA,201701181147,12.11,12.11,12.1,12.1,1300
NWSA,201701181148,12.1,12.1,12.1,12.1,500
NWSA,201701181149,12.1,12.11,12.1,12.1,800
NWSA,201701181150,12.1,12.1,12.1,12.1,2800
NWSA,201701181151,12.1,12.11,12.1,12.1,900
NWSA,201701181152,12.1,12.1,12.1,12.1,500
NWSA,201701181153,12.1,12.11,12.1,12.11,800
NWSA,201701181154,12.1,12.11,12.1,12.1,700
NWSA,201701181155,12.1,12.11,12.1,12.1,2900
NWSA,201701181156,12.1,12.11,12.1,12.1,2500
NWSA,201701181157,12.1,12.1,12.07,12.08,32659
NWSA,201701181158,12.07,12.07,12.07,12.07,8062
NWSA,201701181159,12.07,12.07,12.04,12.04,12407
NWSA,201701181200,12.04,12.05,12.04,12.05,8680
NWSA,201701181201,12.05,12.05,12.05,12.05,300
NWSA,201701181202,12.05,12.05,12.05,12.05,100
NWSA,201701181203,12.05,12.07,12.05,12.06,8901
NWSA,201701181204,12.06,12.06,12.06,12.06,1473
NWSA,201701181205,12.07,12.07,12.06,12.06,600
NWSA,201701181206,12.06,12.07,12.06,12.07,200
NWSA,201701181207,12.06,12.06,12.06,12.06,2217
NWSA,201701181208,12.06,12.08,12.06,12.07,7347
NWSA,201701181209,12.07,12.07,12.07,12.07,527
NWSA,201701181210,12.07,12.08,12.07,12.07,500
NWSA,201701181211,12.08,12.08,12.07,12.07,4154
NWSA,201701181212,12.08,12.08,12.07,12.08,600
NWSA,201701181213,12.07,12.08,12.07,12.07,300
NWSA,201701181214,12.08,12.08,12.07,12.07,500
NWSA,201701181215,12.07,12.07,12.07,12.07,200
NWSA,201701181216,12.07,12.08,12.07,12.08,400
NWSA,201701181217,12.07,12.08,12.07,12.07,1900
NWSA,201701181218,12.07,12.08,12.07,12.07,559
NWSA,201701181219,12.07,12.07,12.07,12.07,600
NWSA,201701181220,12.07,12.07,12.07,12.07,1200
NWSA,201701181221,12.07,12.07,12.02,12.02,36030
NWSA,201701181222,12.02,12.02,12.02,12.02,500
NWSA,201701181223,12.02,12.02,12.02,12.02,336
NWSA,201701181224,12.02,12.02,12.02,12.02,300
NWSA,201701181225,12.02,12.02,12.02,12.02,400
NWSA,201701181226,12.02,12.02,12.01,12.01,1500
NWSA,201701181227,12.01,12.01,12.01,12.01,1400
NWSA,201701181228,12.01,12.01,12,12.01,11939
NWSA,201701181229,12.01,12.01,12.01,12.01,600
NWSA,201701181230,12.01,12.02,12.01,12.01,300
NWSA,201701181231,12.01,12.03,12.01,12.03,13533
NWSA,201701181232,12.03,12.04,12.03,12.04,4309
NWSA,201701181233,12.04,12.05,12.04,12.05,1100
NWSA,201701181234,12.05,12.05,12.04,12.04,300
NWSA,201701181235,12.05,12.05,12.04,12.05,600
NWSA,201701181236,12.04,12.05,12.04,12.05,500
NWSA,201701181237,12.05,12.05,12.04,12.05,1100
NWSA,201701181238,12.04,12.05,12.04,12.04,700
NWSA,201701181239,12.04,12.05,12.04,12.04,4193
NWSA,201701181240,12.04,12.05,12.04,12.05,200
NWSA,201701181241,12.04,12.04,12.04,12.04,500
NWSA,201701181242,12.04,12.04,12.04,12.04,200
NWSA,201701181243,12.04,12.05,12.04,12.05,400
NWSA,201701181244,12.05,12.05,12.04,12.05,2047
NWSA,201701181245,12.05,12.05,12.04,12.04,800
NWSA,201701181246,12.05,12.05,12.05,12.05,100
NWSA,201701181247,12.05,12.05,12.04,12.04,1300
NWSA,201701181248,12.04,12.05,12.04,12.05,700
NWSA,201701181249,12.04,12.05,12.04,12.04,400
NWSA,201701181250,12.04,12.04,12.04,12.04,300
NWSA,201701181251,12.04,12.05,12.04,12.05,300
NWSA,201701181252,12.05,12.05,12.04,12.05,1730
NWSA,201701181253,12.04,12.05,12.04,12.05,1406
NWSA,201701181254,12.05,12.05,12.04,12.04,500
NWSA,201701181255,12.04,12.05,12.02,12.02,26283
NWSA,201701181256,12.02,12.02,12.02,12.02,100
NWSA,201701181257,12.02,12.02,12.02,12.02,1955
NWSA,201701181258,12.02,12.02,12.02,12.02,200
NWSA,201701181259,12.02,12.02,12.02,12.02,2500
NWSA,201701181300,12.02,12.06,12.02,12.06,59413
NWSA,201701181301,12.06,12.06,12.06,12.06,200
NWSA,201701181302,12.05,12.05,12.03,12.04,38296
NWSA,201701181303,12.04,12.05,12.04,12.05,700
NWSA,201701181304,12.04,12.06,12.04,12.05,10746
NWSA,201701181305,12.06,12.06,12.05,12.05,1100
NWSA,201701181306,12.06,12.06,12.05,12.06,325
NWSA,201701181307,12.05,12.06,12.05,12.06,2900
NWSA,201701181308,12.06,12.06,12.05,12.06,3900
NWSA,201701181309,12.06,12.06,12.05,12.05,15415
NWSA,201701181310,12.05,12.05,12.05,12.05,2300
NWSA,201701181311,12.06,12.06,12.05,12.05,200
NWSA,201701181312,12.06,12.06,12.05,12.06,2427
NWSA,201701181313,12.06,12.06,12.05,12.05,400
NWSA,201701181314,12.05,12.06,12.03,12.03,194664
NWSA,201701181315,12.05,12.05,12.05,12.05,1549
NWSA,201701181316,12.04,12.05,12.04,12.05,13149
NWSA,201701181318,12.06,12.07,12.05,12.06,12815
NWSA,201701181319,12.06,12.07,12.06,12.06,1200
NWSA,201701181320,12.06,12.06,12.06,12.06,1100
NWSA,201701181321,12.06,12.06,12.05,12.05,2057
NWSA,201701181322,12.05,12.05,12.05,12.05,11055
NWSA,201701181323,12.05,12.05,12.04,12.04,3800
NWSA,201701181324,12.04,12.04,12.04,12.04,1300
NWSA,201701181325,12.04,12.05,12.04,12.05,644
NWSA,201701181326,12.04,12.05,12.04,12.05,400
NWSA,201701181327,12.05,12.05,12.04,12.05,300
NWSA,201701181328,12.05,12.06,12.04,12.06,4198
NWSA,201701181329,12.05,12.06,12.05,12.06,300
NWSA,201701181330,12.06,12.06,12.05,12.06,300
NWSA,201701181331,12.06,12.06,12.05,12.06,600
NWSA,201701181332,12.06,12.06,12.05,12.06,600
NWSA,201701181333,12.06,12.06,12.05,12.06,700
NWSA,201701181334,12.05,12.06,12.05,12.06,600
NWSA,201701181335,12.05,12.05,12.05,12.05,200
NWSA,201701181336,12.06,12.06,12.05,12.06,5800
NWSA,201701181337,12.06,12.06,12.06,12.06,100
NWSA,201701181338,12.06,12.07,12.05,12.06,6036
NWSA,201701181339,12.06,12.06,12.05,12.05,4149
NWSA,201701181340,12.06,12.06,12.05,12.06,1300
NWSA,201701181341,12.06,12.06,12.05,12.05,457
NWSA,201701181342,12.06,12.06,12.05,12.05,700
NWSA,201701181343,12.06,12.06,12.06,12.06,200
NWSA,201701181344,12.06,12.06,12.05,12.06,900
NWSA,201701181345,12.05,12.06,12.05,12.05,300
NWSA,201701181346,12.06,12.06,12.03,12.03,17711
NWSA,201701181347,12.03,12.03,12.03,12.03,200
NWSA,201701181348,12.03,12.05,12.03,12.04,18092
NWSA,201701181349,12.04,12.04,12.04,12.04,1797
NWSA,201701181350,12.04,12.05,12.03,12.04,7466
NWSA,201701181351,12.04,12.04,12.04,12.04,1101
NWSA,201701181352,12.04,12.04,12.04,12.04,500
NWSA,201701181353,12.04,12.04,12.03,12.03,900
NWSA,201701181354,12.03,12.04,12.03,12.04,300
NWSA,201701181355,12.04,12.05,12.04,12.04,3134
NWSA,201701181356,12.05,12.06,12.05,12.06,2900
NWSA,201701181357,12.06,12.06,12.05,12.05,400
NWSA,201701181358,12.05,12.06,12.05,12.06,944
NWSA,201701181359,12.06,12.06,12.05,12.05,800
NWSA,201701181400,12.05,12.06,12.05,12.06,400
NWSA,201701181401,12.06,12.06,12.05,12.06,600
NWSA,201701181402,12.06,12.06,12.05,12.05,700
NWSA,201701181403,12.06,12.06,12.05,12.05,300
NWSA,201701181404,12.06,12.06,12.05,12.06,89700
NWSA,201701181405,12.06,12.06,12.05,12.06,1100
NWSA,201701181406,12.05,12.07,12.05,12.07,4146
NWSA,201701181407,12.07,12.07,12.06,12.07,3200
NWSA,201701181408,12.07,12.07,12.06,12.07,952
NWSA,201701181409,12.07,12.07,12.06,12.07,600
NWSA,201701181410,12.06,12.07,12.06,12.07,9155
NWSA,201701181411,12.07,12.07,12.06,12.06,3718
NWSA,201701181412,12.07,12.07,12.06,12.06,1200
NWSA,201701181413,12.07,12.07,12.06,12.06,2000
NWSA,201701181414,12.06,12.07,12.06,12.06,1029
NWSA,201701181415,12.07,12.09,12.06,12.09,27595
NWSA,201701181416,12.09,12.1,12.09,12.09,4224
NWSA,201701181417,12.1,12.1,12.09,12.09,300
NWSA,201701181418,12.1,12.1,12.08,12.08,18666
NWSA,201701181419,12.08,12.09,12.08,12.08,18932
NWSA,201701181420,12.08,12.09,12.08,12.08,500
NWSA,201701181421,12.08,12.08,12.08,12.08,1000
NWSA,201701181422,12.08,12.08,12.08,12.08,5050
NWSA,201701181423,12.08,12.09,12.07,12.09,10899
NWSA,201701181424,12.08,12.09,12.08,12.08,800
NWSA,201701181425,12.08,12.08,12.08,12.08,2376
NWSA,201701181426,12.08,12.08,12.08,12.08,1800
NWSA,201701181427,12.08,12.08,12.07,12.07,14565
NWSA,201701181428,12.07,12.08,12.07,12.08,1679
NWSA,201701181429,12.07,12.09,12.07,12.09,4292
NWSA,201701181430,12.09,12.09,12.08,12.08,948
NWSA,201701181431,12.08,12.09,12.08,12.08,1600
NWSA,201701181432,12.08,12.09,12.08,12.09,2400
NWSA,201701181433,12.08,12.1,12.08,12.09,5190
NWSA,201701181435,12.1,12.11,12.09,12.1,11409
NWSA,201701181436,12.1,12.1,12.1,12.1,23164
NWSA,201701181437,12.1,12.1,12.09,12.1,20646
NWSA,201701181438,12.1,12.1,12.1,12.1,500
NWSA,201701181439,12.1,12.1,12.1,12.1,1495
NWSA,201701181440,12.1,12.1,12.1,12.1,600
NWSA,201701181441,12.1,12.11,12.1,12.1,1500
NWSA,201701181442,12.11,12.11,12.1,12.1,1100
NWSA,201701181443,12.1,12.11,12.1,12.1,900
NWSA,201701181444,12.1,12.1,12.1,12.1,300
NWSA,201701181445,12.1,12.1,12.1,12.1,499
NWSA,201701181446,12.1,12.11,12.1,12.11,5394
NWSA,201701181447,12.1,12.11,12.1,12.1,900
NWSA,201701181448,12.1,12.1,12.1,12.1,700
NWSA,201701181449,12.1,12.1,12.1,12.1,1050
NWSA,201701181450,12.1,12.1,12.1,12.1,1100
NWSA,201701181451,12.1,12.11,12.1,12.11,1300
NWSA,201701181452,12.1,12.11,12.1,12.1,700
NWSA,201701181453,12.1,12.1,12.1,12.1,400
NWSA,201701181454,12.1,12.1,12.1,12.1,229
NWSA,201701181455,12.1,12.11,12.1,12.1,1000
NWSA,201701181456,12.11,12.11,12.1,12.1,300
NWSA,201701181457,12.11,12.11,12.1,12.1,1000
NWSA,201701181458,12.1,12.11,12.1,12.1,1000
NWSA,201701181459,12.1,12.11,12.1,12.1,1236
NWSA,201701181500,12.1,12.1,12.1,12.1,529
NWSA,201701181501,12.1,12.11,12.1,12.1,1021
NWSA,201701181502,12.11,12.11,12.1,12.1,300
NWSA,201701181503,12.1,12.1,12.1,12.1,800
NWSA,201701181504,12.1,12.11,12.1,12.1,6671
NWSA,201701181505,12.1,12.11,12.1,12.1,1000
NWSA,201701181506,12.1,12.1,12.1,12.1,1200
NWSA,201701181507,12.1,12.1,12.1,12.1,300
NWSA,201701181508,12.11,12.11,12.1,12.1,400
NWSA,201701181509,12.1,12.11,12.1,12.11,200
NWSA,201701181510,12.11,12.11,12.1,12.1,700
NWSA,201701181511,12.1,12.11,12.1,12.1,1200
NWSA,201701181512,12.1,12.11,12.1,12.11,784
NWSA,201701181513,12.1,12.1,12.1,12.1,2200
NWSA,201701181514,12.1,12.1,12.1,12.1,400
NWSA,201701181515,12.1,12.1,12.1,12.1,300
NWSA,201701181516,12.1,12.1,12.1,12.1,400
NWSA,201701181517,12.1,12.1,12.1,12.1,1100
NWSA,201701181518,12.1,12.1,12.1,12.1,600
NWSA,201701181519,12.1,12.1,12.1,12.1,1105
NWSA,201701181520,12.1,12.13,12.1,12.11,33001
NWSA,201701181521,12.11,12.12,12.1,12.12,33989
NWSA,201701181522,12.11,12.13,12.11,12.13,7534
NWSA,201701181523,12.13,12.13,12.12,12.13,3400
NWSA,201701181524,12.13,12.14,12.12,12.14,11233
NWSA,201701181525,12.14,12.14,12.13,12.14,3973
NWSA,201701181526,12.14,12.14,12.13,12.14,1100
NWSA,201701181527,12.14,12.14,12.13,12.13,1100
NWSA,201701181528,12.14,12.14,12.13,12.14,6899
NWSA,201701181529,12.13,12.13,12.13,12.13,100
NWSA,201701181530,12.13,12.14,12.13,12.14,600
NWSA,201701181531,12.14,12.14,12.12,12.12,6337
NWSA,201701181532,12.12,12.12,12.11,12.11,3800
NWSA,201701181533,12.11,12.13,12.11,12.12,11873
NWSA,201701181534,12.13,12.13,12.13,12.13,2752
NWSA,201701181535,12.13,12.13,12.12,12.12,4463
NWSA,201701181536,12.12,12.13,12.12,12.12,600
NWSA,201701181537,12.12,12.13,12.12,12.12,5553
NWSA,201701181538,12.13,12.13,12.12,12.13,4754
NWSA,201701181539,12.12,12.13,12.12,12.12,1600
NWSA,201701181540,12.12,12.13,12.12,12.12,303
NWSA,201701181541,12.12,12.13,12.12,12.12,5574
NWSA,201701181542,12.12,12.13,12.12,12.12,4994
NWSA,201701181543,12.12,12.12,12.12,12.12,3412
NWSA,201701181544,12.12,12.12,12.11,12.11,8907
NWSA,201701181545,12.12,12.12,12.11,12.12,19438
NWSA,201701181546,12.12,12.13,12.12,12.12,2838
NWSA,201701181547,12.12,12.13,12.12,12.12,1537
NWSA,201701181548,12.13,12.13,12.12,12.12,3412
NWSA,201701181549,12.12,12.12,12.12,12.12,1700
NWSA,201701181550,12.12,12.13,12.12,12.13,21633
NWSA,201701181551,12.13,12.14,12.13,12.13,1929
NWSA,201701181552,12.13,12.14,12.13,12.13,3800
NWSA,201701181553,12.14,12.14,12.13,12.13,6700
NWSA,201701181554,12.13,12.14,12.13,12.14,20690
NWSA,201701181555,12.14,12.14,12.13,12.14,5200
NWSA,201701181556,12.13,12.14,12.13,12.13,7195
NWSA,201701181557,12.13,12.14,12.13,12.13,10621
NWSA,201701181558,12.13,12.15,12.13,12.15,19632
NWSA,201701181559,12.14,12.15,12.13,12.13,14848
NWSA,201701181600,12.14,12.14,12.14,12.14,283798
