<ticker>,<date>,<open>,<high>,<low>,<close>,<vol>
NYT,201702070930,14.6,14.65,14.6,14.65,11773
NYT,201702070931,14.65,14.7,14.65,14.7,1100
NYT,201702070932,14.65,14.75,14.62,14.65,3500
NYT,201702070933,14.65,14.65,14.65,14.65,300
NYT,201702070934,14.6,14.6,14.6,14.6,100
NYT,201702070935,14.6,14.6,14.6,14.6,100
NYT,201702070936,14.62,14.62,14.62,14.62,100
NYT,201702070937,14.6,14.6,14.6,14.6,100
NYT,201702070938,14.6,14.6,14.6,14.6,300
NYT,201702070939,14.65,14.65,14.62,14.62,300
NYT,201702070940,14.6,14.61,14.55,14.55,7530
NYT,201702070941,14.55,14.55,14.55,14.55,100
NYT,201702070942,14.55,14.55,14.55,14.55,200
NYT,201702070945,14.55,14.55,14.55,14.55,100
NYT,201702070946,14.55,14.55,14.55,14.55,200
NYT,201702070948,14.55,14.55,14.55,14.55,400
NYT,201702070949,14.6,14.63,14.55,14.6,11758
NYT,201702070950,14.6,14.6,14.6,14.6,100
NYT,201702070951,14.6,14.6,14.6,14.6,400
NYT,201702070952,14.6,14.6,14.6,14.6,100
NYT,201702070953,14.6,14.63,14.6,14.62,500
NYT,201702070954,14.6,14.6,14.6,14.6,200
NYT,201702070955,14.6,14.6,14.6,14.6,100
NYT,201702070956,14.6,14.6,14.6,14.6,200
NYT,201702070957,14.6,14.6,14.6,14.6,200
NYT,201702070958,14.62,14.62,14.62,14.62,100
NYT,201702070959,14.65,14.65,14.6,14.6,2800
NYT,201702071000,14.65,14.65,14.65,14.65,150
NYT,201702071001,14.62,14.62,14.62,14.62,100
NYT,201702071004,14.6,14.65,14.6,14.6,1200
NYT,201702071005,14.6,14.65,14.6,14.6,500
NYT,201702071006,14.6,14.6,14.6,14.6,300
NYT,201702071007,14.6,14.65,14.6,14.65,2900
NYT,201702071009,14.6,14.63,14.6,14.6,3200
NYT,201702071010,14.62,14.65,14.62,14.65,1600
NYT,201702071011,14.62,14.62,14.62,14.62,100
NYT,201702071012,14.62,14.7,14.62,14.7,21955
NYT,201702071013,14.7,14.75,14.67,14.75,21677
NYT,201702071014,14.72,14.75,14.7,14.75,614
NYT,201702071015,14.75,14.75,14.75,14.75,420
NYT,201702071016,14.75,14.75,14.75,14.75,253
NYT,201702071017,14.75,14.75,14.75,14.75,529
NYT,201702071018,14.75,14.75,14.72,14.75,26217
NYT,201702071019,14.75,14.77,14.75,14.75,15671
NYT,201702071020,14.75,14.75,14.75,14.75,596
NYT,201702071021,14.75,14.75,14.7,14.75,764
NYT,201702071022,14.75,14.75,14.75,14.75,749
NYT,201702071023,14.75,14.75,14.72,14.72,500
NYT,201702071024,14.75,14.75,14.75,14.75,700
NYT,201702071025,14.75,14.75,14.72,14.75,500
NYT,201702071026,14.75,14.75,14.75,14.75,400
NYT,201702071027,14.75,14.75,14.75,14.75,700
NYT,201702071028,14.75,14.75,14.72,14.75,500
NYT,201702071029,14.75,14.75,14.75,14.75,400
NYT,201702071030,14.75,14.75,14.75,14.75,300
NYT,201702071031,14.75,14.75,14.75,14.75,300
NYT,201702071032,14.75,14.75,14.75,14.75,100
NYT,201702071033,14.72,14.75,14.7,14.7,500
NYT,201702071034,14.72,14.75,14.72,14.72,1300
NYT,201702071035,14.72,14.75,14.7,14.7,1200
NYT,201702071036,14.75,14.75,14.7,14.75,1020
NYT,201702071037,14.72,14.73,14.7,14.72,1200
NYT,201702071038,14.7,14.75,14.65,14.7,15372
NYT,201702071039,14.65,14.68,14.6,14.65,24339
NYT,201702071040,14.65,14.67,14.65,14.65,500
NYT,201702071041,14.65,14.65,14.65,14.65,200
NYT,201702071043,14.65,14.65,14.65,14.65,200
NYT,201702071044,14.65,14.65,14.65,14.65,800
NYT,201702071045,14.65,14.65,14.65,14.65,300
NYT,201702071046,14.65,14.66,14.6,14.62,4857
NYT,201702071047,14.62,14.62,14.62,14.62,200
NYT,201702071049,14.62,14.62,14.62,14.62,400
NYT,201702071050,14.6,14.6,14.6,14.6,100
NYT,201702071051,14.62,14.62,14.62,14.62,200
NYT,201702071052,14.65,14.65,14.62,14.62,2044
NYT,201702071053,14.62,14.62,14.62,14.62,500
NYT,201702071057,14.65,14.65,14.65,14.65,600
NYT,201702071058,14.6,14.65,14.6,14.62,1500
NYT,201702071059,14.65,14.65,14.65,14.65,982
NYT,201702071100,14.65,14.65,14.62,14.65,1469
NYT,201702071101,14.65,14.7,14.65,14.7,4913
NYT,201702071102,14.67,14.7,14.67,14.7,200
NYT,201702071103,14.67,14.7,14.67,14.7,663
NYT,201702071104,14.7,14.7,14.7,14.7,100
NYT,201702071105,14.7,14.7,14.7,14.7,200
NYT,201702071106,14.67,14.7,14.67,14.7,300
NYT,201702071107,14.7,14.7,14.7,14.7,300
NYT,201702071108,14.7,14.7,14.7,14.7,600
NYT,201702071110,14.67,14.7,14.67,14.7,763
NYT,201702071111,14.7,14.7,14.7,14.7,400
NYT,201702071112,14.7,14.7,14.7,14.7,300
NYT,201702071113,14.67,14.67,14.67,14.67,400
NYT,201702071114,14.7,14.7,14.7,14.7,437
NYT,201702071115,14.7,14.7,14.65,14.65,300
NYT,201702071116,14.7,14.7,14.7,14.7,200
NYT,201702071117,14.67,14.7,14.65,14.7,600
NYT,201702071118,14.7,14.7,14.7,14.7,200
NYT,201702071119,14.67,14.7,14.65,14.65,1400
NYT,201702071120,14.67,14.7,14.67,14.7,500
NYT,201702071121,14.7,14.7,14.67,14.67,600
NYT,201702071122,14.7,14.7,14.7,14.7,300
NYT,201702071123,14.65,14.7,14.65,14.7,300
NYT,201702071124,14.7,14.7,14.67,14.7,600
NYT,201702071125,14.7,14.7,14.65,14.7,537
NYT,201702071126,14.7,14.7,14.67,14.67,700
NYT,201702071127,14.7,14.7,14.67,14.67,800
NYT,201702071128,14.7,14.7,14.67,14.7,2200
NYT,201702071129,14.67,14.7,14.65,14.67,1272
NYT,201702071130,14.7,14.7,14.65,14.7,1200
NYT,201702071131,14.7,14.7,14.7,14.7,100
NYT,201702071132,14.7,14.7,14.67,14.7,500
NYT,201702071133,14.7,14.7,14.67,14.67,1500
NYT,201702071134,14.7,14.7,14.67,14.67,300
NYT,201702071135,14.7,14.7,14.7,14.7,200
NYT,201702071136,14.7,14.7,14.7,14.7,100
NYT,201702071137,14.7,14.7,14.7,14.7,100
NYT,201702071138,14.65,14.7,14.65,14.67,500
NYT,201702071139,14.7,14.7,14.7,14.7,300
NYT,201702071140,14.7,14.7,14.65,14.65,200
NYT,201702071141,14.7,14.7,14.7,14.7,200
NYT,201702071142,14.7,14.7,14.67,14.7,623
NYT,201702071143,14.7,14.7,14.7,14.7,500
NYT,201702071144,14.7,14.7,14.7,14.7,200
NYT,201702071145,14.7,14.7,14.7,14.7,100
NYT,201702071146,14.7,14.7,14.65,14.7,700
NYT,201702071147,14.7,14.7,14.67,14.7,300
NYT,201702071148,14.7,14.7,14.67,14.67,500
NYT,201702071149,14.7,14.7,14.7,14.7,300
NYT,201702071150,14.7,14.7,14.7,14.7,400
NYT,201702071151,14.67,14.67,14.65,14.65,200
NYT,201702071152,14.7,14.7,14.7,14.7,300
NYT,201702071153,14.7,14.7,14.67,14.67,1166
NYT,201702071154,14.67,14.67,14.67,14.67,200
NYT,201702071155,14.7,14.7,14.67,14.7,500
NYT,201702071156,14.7,14.7,14.65,14.7,13269
NYT,201702071157,14.7,14.7,14.7,14.7,300
NYT,201702071158,14.7,14.7,14.67,14.67,400
NYT,201702071159,14.7,14.7,14.67,14.67,1658
NYT,201702071200,14.7,14.7,14.67,14.67,500
NYT,201702071201,14.7,14.7,14.67,14.7,500
NYT,201702071202,14.7,14.7,14.67,14.67,2894
NYT,201702071203,14.7,14.7,14.67,14.7,1006
NYT,201702071204,14.7,14.7,14.7,14.7,1786
NYT,201702071205,14.7,14.7,14.65,14.67,1273
NYT,201702071206,14.7,14.7,14.7,14.7,300
NYT,201702071207,14.7,14.7,14.7,14.7,343
NYT,201702071208,14.7,14.7,14.7,14.7,921
NYT,201702071209,14.7,14.7,14.7,14.7,410
NYT,201702071210,14.7,14.7,14.7,14.7,200
NYT,201702071211,14.7,14.7,14.7,14.7,300
NYT,201702071212,14.7,14.7,14.65,14.7,400
NYT,201702071213,14.7,14.7,14.7,14.7,200
NYT,201702071214,14.7,14.7,14.65,14.67,26527
NYT,201702071215,14.7,14.7,14.67,14.7,400
NYT,201702071216,14.7,14.7,14.7,14.7,200
NYT,201702071217,14.67,14.7,14.65,14.67,7360
NYT,201702071218,14.65,14.65,14.65,14.65,300
NYT,201702071219,14.65,14.7,14.65,14.65,800
NYT,201702071220,14.65,14.68,14.65,14.67,708
NYT,201702071221,14.65,14.65,14.65,14.65,1100
NYT,201702071222,14.6,14.63,14.55,14.6,5100
NYT,201702071223,14.57,14.57,14.57,14.57,200
NYT,201702071224,14.57,14.57,14.57,14.57,400
NYT,201702071225,14.57,14.65,14.57,14.65,14100
NYT,201702071226,14.62,14.62,14.62,14.62,200
NYT,201702071229,14.6,14.62,14.6,14.62,13598
NYT,201702071230,14.65,14.65,14.65,14.65,100
NYT,201702071231,14.62,14.65,14.62,14.62,375
NYT,201702071232,14.65,14.65,14.65,14.65,100
NYT,201702071234,14.65,14.65,14.65,14.65,100
NYT,201702071235,14.62,14.62,14.62,14.62,200
NYT,201702071236,14.65,14.65,14.65,14.65,200
NYT,201702071237,14.62,14.62,14.62,14.62,100
NYT,201702071238,14.62,14.65,14.62,14.62,1208
NYT,201702071240,14.65,14.65,14.65,14.65,100
NYT,201702071241,14.65,14.65,14.65,14.65,200
NYT,201702071242,14.62,14.62,14.62,14.62,200
NYT,201702071243,14.65,14.65,14.65,14.65,300
NYT,201702071244,14.65,14.65,14.65,14.65,100
NYT,201702071245,14.65,14.65,14.65,14.65,100
NYT,201702071246,14.65,14.65,14.6,14.6,522
NYT,201702071248,14.61,14.65,14.61,14.65,706
NYT,201702071249,14.65,14.65,14.65,14.65,100
NYT,201702071250,14.6,14.62,14.6,14.6,13680
NYT,201702071252,14.6,14.6,14.6,14.6,200
NYT,201702071253,14.55,14.6,14.55,14.6,700
NYT,201702071254,14.55,14.57,14.55,14.57,200
NYT,201702071256,14.6,14.6,14.6,14.6,271
NYT,201702071300,14.6,14.6,14.6,14.6,100
NYT,201702071301,14.6,14.6,14.57,14.6,500
NYT,201702071302,14.6,14.6,14.57,14.6,810
NYT,201702071303,14.6,14.6,14.6,14.6,200
NYT,201702071304,14.6,14.6,14.6,14.6,401
NYT,201702071305,14.6,14.6,14.6,14.6,100
NYT,201702071306,14.6,14.6,14.6,14.6,300
NYT,201702071307,14.6,14.6,14.6,14.6,200
NYT,201702071308,14.55,14.55,14.55,14.55,100
NYT,201702071309,14.6,14.6,14.55,14.55,200
NYT,201702071310,14.6,14.6,14.57,14.6,800
NYT,201702071311,14.6,14.6,14.6,14.6,100
NYT,201702071312,14.6,14.6,14.6,14.6,224
NYT,201702071313,14.6,14.6,14.6,14.6,100
NYT,201702071314,14.6,14.6,14.6,14.6,665
NYT,201702071315,14.6,14.6,14.6,14.6,100
NYT,201702071316,14.6,14.6,14.6,14.6,300
NYT,201702071317,14.6,14.6,14.6,14.6,200
NYT,201702071318,14.6,14.6,14.6,14.6,100
NYT,201702071319,14.6,14.6,14.6,14.6,100
NYT,201702071320,14.6,14.6,14.6,14.6,200
NYT,201702071321,14.6,14.65,14.6,14.62,10108
NYT,201702071324,14.65,14.65,14.65,14.65,100
NYT,201702071325,14.62,14.65,14.62,14.62,800
NYT,201702071326,14.65,14.65,14.63,14.65,841
NYT,201702071327,14.65,14.65,14.65,14.65,200
NYT,201702071328,14.62,14.65,14.62,14.65,400
NYT,201702071329,14.65,14.65,14.65,14.65,100
NYT,201702071330,14.65,14.65,14.6,14.6,300
NYT,201702071331,14.65,14.65,14.62,14.65,500
NYT,201702071332,14.65,14.65,14.65,14.65,300
NYT,201702071333,14.65,14.65,14.65,14.65,100
NYT,201702071334,14.62,14.65,14.62,14.62,400
NYT,201702071335,14.62,14.65,14.62,14.65,200
NYT,201702071336,14.65,14.65,14.65,14.65,100
NYT,201702071338,14.65,14.65,14.6,14.6,200
NYT,201702071339,14.65,14.65,14.65,14.65,200
NYT,201702071340,14.65,14.65,14.65,14.65,200
NYT,201702071341,14.65,14.65,14.65,14.65,300
NYT,201702071342,14.65,14.65,14.65,14.65,400
NYT,201702071343,14.65,14.65,14.65,14.65,500
NYT,201702071344,14.62,14.65,14.62,14.65,10446
NYT,201702071345,14.65,14.65,14.62,14.65,500
NYT,201702071346,14.65,14.65,14.65,14.65,200
NYT,201702071347,14.65,14.65,14.65,14.65,100
NYT,201702071348,14.65,14.65,14.62,14.65,300
NYT,201702071349,14.65,14.65,14.65,14.65,400
NYT,201702071350,14.65,14.65,14.65,14.65,300
NYT,201702071351,14.65,14.65,14.65,14.65,1300
NYT,201702071352,14.65,14.65,14.65,14.65,500
NYT,201702071353,14.65,14.65,14.65,14.65,100
NYT,201702071354,14.65,14.65,14.61,14.62,500
NYT,201702071355,14.65,14.65,14.61,14.65,1500
NYT,201702071356,14.62,14.65,14.62,14.65,800
NYT,201702071357,14.65,14.65,14.65,14.65,100
NYT,201702071358,14.65,14.65,14.65,14.65,500
NYT,201702071359,14.65,14.65,14.65,14.65,300
NYT,201702071400,14.65,14.65,14.62,14.62,500
NYT,201702071401,14.65,14.65,14.65,14.65,100
NYT,201702071402,14.65,14.65,14.62,14.65,500
NYT,201702071403,14.65,14.65,14.6,14.65,300
NYT,201702071404,14.65,14.65,14.65,14.65,500
NYT,201702071405,14.62,14.65,14.62,14.65,1400
NYT,201702071406,14.65,14.65,14.62,14.65,600
NYT,201702071407,14.65,14.65,14.65,14.65,200
NYT,201702071408,14.6,14.65,14.6,14.65,200
NYT,201702071409,14.65,14.65,14.65,14.65,100
NYT,201702071410,14.65,14.65,14.65,14.65,300
NYT,201702071411,14.65,14.65,14.62,14.65,300
NYT,201702071412,14.65,14.65,14.65,14.65,300
NYT,201702071413,14.65,14.65,14.65,14.65,300
NYT,201702071414,14.65,14.65,14.6,14.65,600
NYT,201702071415,14.62,14.65,14.62,14.62,600
NYT,201702071416,14.65,14.65,14.6,14.65,400
NYT,201702071417,14.65,14.65,14.65,14.65,300
NYT,201702071418,14.62,14.65,14.6,14.65,600
NYT,201702071419,14.62,14.62,14.62,14.62,100
NYT,201702071420,14.65,14.65,14.65,14.65,300
NYT,201702071421,14.65,14.65,14.62,14.65,700
NYT,201702071422,14.65,14.65,14.6,14.65,4246
NYT,201702071423,14.62,14.65,14.62,14.65,200
NYT,201702071424,14.65,14.65,14.62,14.65,300
NYT,201702071425,14.65,14.65,14.62,14.65,400
NYT,201702071426,14.65,14.65,14.62,14.62,400
NYT,201702071427,14.65,14.65,14.62,14.62,600
NYT,201702071428,14.65,14.65,14.62,14.65,300
NYT,201702071429,14.62,14.65,14.6,14.62,900
NYT,201702071430,14.65,14.65,14.6,14.62,1000
NYT,201702071431,14.62,14.65,14.62,14.65,400
NYT,201702071432,14.62,14.65,14.62,14.62,300
NYT,201702071433,14.65,14.65,14.6,14.62,600
NYT,201702071434,14.62,14.65,14.62,14.65,300
NYT,201702071435,14.62,14.62,14.62,14.62,100
NYT,201702071436,14.65,14.65,14.6,14.65,400
NYT,201702071437,14.6,14.65,14.6,14.65,500
NYT,201702071438,14.65,14.65,14.62,14.65,500
NYT,201702071439,14.65,14.65,14.62,14.62,400
NYT,201702071440,14.62,14.65,14.62,14.65,700
NYT,201702071441,14.62,14.65,14.62,14.62,1100
NYT,201702071442,14.65,14.65,14.6,14.65,300
NYT,201702071443,14.65,14.65,14.62,14.65,800
NYT,201702071444,14.65,14.65,14.65,14.65,100
NYT,201702071445,14.62,14.65,14.62,14.65,400
NYT,201702071446,14.62,14.65,14.62,14.62,700
NYT,201702071447,14.65,14.65,14.62,14.65,400
NYT,201702071448,14.64,14.65,14.62,14.65,1437
NYT,201702071449,14.65,14.65,14.62,14.62,600
NYT,201702071450,14.65,14.65,14.65,14.65,200
NYT,201702071451,14.65,14.65,14.62,14.62,400
NYT,201702071452,14.65,14.65,14.62,14.65,300
NYT,201702071453,14.65,14.65,14.62,14.65,700
NYT,201702071454,14.6,14.65,14.6,14.62,1200
NYT,201702071455,14.6,14.65,14.6,14.62,970
NYT,201702071456,14.65,14.65,14.62,14.65,500
NYT,201702071457,14.65,14.65,14.62,14.65,1200
NYT,201702071458,14.65,14.65,14.62,14.62,400
NYT,201702071459,14.65,14.65,14.62,14.65,800
NYT,201702071500,14.65,14.65,14.62,14.62,600
NYT,201702071501,14.65,14.65,14.62,14.65,545
NYT,201702071502,14.65,14.65,14.62,14.65,500
NYT,201702071503,14.65,14.65,14.62,14.62,400
NYT,201702071504,14.65,14.65,14.6,14.65,600
NYT,201702071505,14.65,14.65,14.62,14.65,500
NYT,201702071506,14.65,14.65,14.62,14.62,700
NYT,201702071507,14.65,14.65,14.65,14.65,200
NYT,201702071508,14.65,14.65,14.62,14.65,300
NYT,201702071509,14.65,14.65,14.62,14.62,600
NYT,201702071510,14.65,14.65,14.62,14.62,600
NYT,201702071511,14.65,14.65,14.65,14.65,300
NYT,201702071512,14.65,14.65,14.62,14.65,500
NYT,201702071513,14.65,14.65,14.6,14.65,4030
NYT,201702071514,14.62,14.65,14.6,14.65,600
NYT,201702071515,14.65,14.65,14.55,14.57,41391
NYT,201702071516,14.57,14.57,14.55,14.55,200
NYT,201702071517,14.55,14.55,14.55,14.55,100
NYT,201702071518,14.55,14.55,14.55,14.55,200
NYT,201702071519,14.57,14.57,14.55,14.57,1400
NYT,201702071520,14.57,14.58,14.55,14.57,10311
NYT,201702071521,14.57,14.57,14.57,14.57,100
NYT,201702071522,14.57,14.6,14.55,14.57,1300
NYT,201702071523,14.57,14.6,14.55,14.55,1400
NYT,201702071524,14.55,14.6,14.55,14.55,1700
NYT,201702071525,14.6,14.6,14.6,14.6,400
NYT,201702071526,14.6,14.6,14.57,14.57,800
NYT,201702071527,14.57,14.6,14.57,14.57,2050
NYT,201702071528,14.6,14.6,14.6,14.6,700
NYT,201702071529,14.6,14.6,14.55,14.6,500
NYT,201702071530,14.57,14.6,14.55,14.57,1200
NYT,201702071531,14.6,14.6,14.57,14.6,1200
NYT,201702071532,14.57,14.6,14.57,14.57,700
NYT,201702071533,14.6,14.6,14.6,14.6,500
NYT,201702071534,14.57,14.6,14.55,14.57,1240
NYT,201702071535,14.6,14.6,14.57,14.57,1700
NYT,201702071536,14.6,14.6,14.55,14.57,1474
NYT,201702071537,14.57,14.6,14.57,14.6,1660
NYT,201702071538,14.55,14.6,14.55,14.57,2100
NYT,201702071539,14.57,14.6,14.57,14.57,800
NYT,201702071540,14.6,14.6,14.57,14.57,1400
NYT,201702071541,14.6,14.6,14.55,14.57,900
NYT,201702071542,14.6,14.6,14.57,14.6,1740
NYT,201702071543,14.6,14.6,14.57,14.57,900
NYT,201702071544,14.57,14.6,14.57,14.6,200
NYT,201702071545,14.55,14.6,14.55,14.57,13659
NYT,201702071546,14.57,14.6,14.55,14.57,8418
NYT,201702071547,14.55,14.6,14.55,14.6,2500
NYT,201702071548,14.55,14.6,14.55,14.55,4362
NYT,201702071549,14.55,14.6,14.55,14.55,4925
NYT,201702071550,14.57,14.6,14.55,14.6,1000
NYT,201702071551,14.6,14.6,14.55,14.55,3900
NYT,201702071552,14.6,14.6,14.55,14.55,2568
NYT,201702071553,14.55,14.6,14.55,14.55,3400
NYT,201702071554,14.55,14.6,14.55,14.55,7806
NYT,201702071555,14.55,14.55,14.55,14.55,100
NYT,201702071556,14.62,14.7,14.62,14.65,121077
NYT,201702071557,14.65,14.68,14.65,14.68,3400
NYT,201702071558,14.7,14.7,14.65,14.67,8522
NYT,201702071559,14.67,14.7,14.65,14.7,16539
NYT,201702071602,14.65,14.65,14.65,14.65,51948
NYT,201702071641,14.65,14.65,14.65,14.65,3581
