<ticker>,<date>,<open>,<high>,<low>,<close>,<vol>
PNC,201701180930,114.69,114.79,114.16,114.7,33275
PNC,201701180931,114.54,114.69,114.32,114.39,7047
PNC,201701180932,114.34,114.66,114.31,114.62,2250
PNC,201701180933,114.49,114.49,114.17,114.17,2503
PNC,201701180934,114.05,114.08,113.81,113.84,2096
PNC,201701180935,113.81,114,113.66,113.66,9524
PNC,201701180936,113.75,113.75,113.72,113.72,959
PNC,201701180937,113.85,114.12,113.78,113.86,3827
PNC,201701180938,114.07,114.12,114.03,114.06,4460
PNC,201701180939,114.04,114.32,114.03,114.32,3315
PNC,201701180940,114.36,114.74,114.33,114.67,12682
PNC,201701180941,114.67,114.68,114.52,114.52,7470
PNC,201701180942,114.56,114.57,114.51,114.51,2898
PNC,201701180943,114.53,114.74,114.46,114.7,7908
PNC,201701180944,114.7,114.79,114.59,114.79,16801
PNC,201701180945,114.81,114.93,114.78,114.82,7008
PNC,201701180946,114.8,114.94,114.77,114.94,9655
PNC,201701180947,114.94,114.97,114.89,114.9,10763
PNC,201701180948,114.89,114.93,114.77,114.88,15800
PNC,201701180949,114.89,114.89,114.7,114.74,7718
PNC,201701180950,114.7,114.81,114.69,114.75,7050
PNC,201701180951,114.71,114.81,114.71,114.81,3035
PNC,201701180952,114.78,114.85,114.75,114.82,14007
PNC,201701180953,114.81,114.9,114.79,114.88,8558
PNC,201701180954,114.89,114.89,114.81,114.84,10802
PNC,201701180955,114.82,114.88,114.74,114.77,12394
PNC,201701180956,114.77,114.8,114.73,114.8,18263
PNC,201701180957,114.82,115.09,114.82,115.06,6206
PNC,201701180958,115.06,115.06,114.98,115,10287
PNC,201701180959,114.98,115.02,114.96,115.02,5082
PNC,201701181000,115.04,115.11,115,115.11,6448
PNC,201701181001,115.13,115.2,115.13,115.17,7718
PNC,201701181002,115.14,115.14,115.08,115.08,3399
PNC,201701181003,115.1,115.14,115.1,115.11,3465
PNC,201701181004,115.11,115.11,115.06,115.11,4800
PNC,201701181005,115.09,115.11,114.99,115,9861
PNC,201701181006,115.02,115.02,114.85,114.93,9601
PNC,201701181007,114.89,114.92,114.86,114.89,10130
PNC,201701181008,114.91,115.04,114.89,114.99,14837
PNC,201701181009,115,115,114.92,114.92,6909
PNC,201701181010,114.93,114.97,114.84,114.84,10775
PNC,201701181011,114.85,114.86,114.74,114.78,7601
PNC,201701181012,114.8,114.92,114.8,114.92,4174
PNC,201701181013,114.94,115.18,114.94,115.17,2900
PNC,201701181014,115.18,115.18,115.03,115.03,7547
PNC,201701181015,115.06,115.07,114.98,115.01,8933
PNC,201701181016,115,115.13,115,115.12,6345
PNC,201701181017,115.14,115.15,115.07,115.08,6403
PNC,201701181018,115.1,115.13,115.06,115.12,8424
PNC,201701181019,114.99,115.11,114.98,115,9371
PNC,201701181020,114.96,115.07,114.95,115.07,5004
PNC,201701181021,115.06,115.11,115.04,115.09,4339
PNC,201701181022,115.08,115.14,115.08,115.09,6109
PNC,201701181023,115.1,115.16,115.1,115.16,3395
PNC,201701181024,115.15,115.16,115.07,115.07,5303
PNC,201701181025,115.07,115.08,114.98,114.99,3473
PNC,201701181026,115.01,115.07,115.01,115.02,3601
PNC,201701181027,115.02,115.05,115.02,115.05,600
PNC,201701181028,115.04,115.04,114.98,115,3838
PNC,201701181029,114.99,114.99,114.95,114.97,4255
PNC,201701181030,114.99,115.03,114.97,115.03,2400
PNC,201701181031,115.03,115.06,115.02,115.04,5875
PNC,201701181032,115.03,115.03,114.97,115.01,7790
PNC,201701181033,115.01,115.03,114.98,114.99,4208
PNC,201701181034,114.99,115.01,114.96,115.01,5957
PNC,201701181035,115.02,115.06,115.02,115.02,3900
PNC,201701181036,115.01,115.03,114.98,115.02,8686
PNC,201701181037,115.02,115.02,114.92,114.95,9365
PNC,201701181038,114.94,114.95,114.89,114.92,2401
PNC,201701181039,114.9,114.95,114.9,114.95,2300
PNC,201701181040,114.94,114.94,114.81,114.82,24180
PNC,201701181041,114.82,114.84,114.75,114.76,11940
PNC,201701181042,114.74,114.79,114.74,114.79,3453
PNC,201701181043,114.78,114.78,114.72,114.74,4756
PNC,201701181044,114.74,114.76,114.64,114.66,10578
PNC,201701181045,114.64,114.74,114.63,114.63,3596
PNC,201701181046,114.65,114.69,114.64,114.65,3042
PNC,201701181047,114.65,114.66,114.59,114.6,6092
PNC,201701181048,114.6,114.67,114.6,114.66,4041
PNC,201701181049,114.66,114.72,114.66,114.72,2300
PNC,201701181050,114.71,114.71,114.57,114.66,7966
PNC,201701181051,114.64,114.68,114.6,114.68,4004
PNC,201701181052,114.66,114.76,114.65,114.76,3901
PNC,201701181053,114.77,114.77,114.67,114.67,12180
PNC,201701181054,114.69,114.72,114.69,114.72,9428
PNC,201701181055,114.72,114.75,114.66,114.67,6720
PNC,201701181056,114.67,114.7,114.64,114.66,4605
PNC,201701181057,114.67,114.75,114.67,114.74,5400
PNC,201701181058,114.74,114.74,114.69,114.73,6870
PNC,201701181059,114.73,114.77,114.73,114.73,7429
PNC,201701181100,114.74,114.79,114.73,114.79,4280
PNC,201701181101,114.78,114.79,114.75,114.77,3881
PNC,201701181102,114.78,114.82,114.78,114.81,2500
PNC,201701181103,114.82,114.83,114.77,114.79,6479
PNC,201701181104,114.79,114.82,114.78,114.79,3570
PNC,201701181105,114.81,114.83,114.79,114.81,5112
PNC,201701181106,114.81,114.89,114.8,114.89,5805
PNC,201701181107,114.89,114.91,114.87,114.91,2200
PNC,201701181108,114.9,114.9,114.84,114.88,11434
PNC,201701181109,114.9,114.97,114.89,114.89,10286
PNC,201701181110,114.87,114.88,114.83,114.87,9020
PNC,201701181111,114.87,114.9,114.81,114.82,11453
PNC,201701181112,114.83,114.83,114.79,114.8,4200
PNC,201701181113,114.79,114.79,114.77,114.78,1645
PNC,201701181114,114.77,114.78,114.72,114.72,3523
PNC,201701181115,114.71,114.72,114.67,114.71,3300
PNC,201701181116,114.72,114.74,114.7,114.7,2990
PNC,201701181117,114.69,114.7,114.66,114.66,2950
PNC,201701181118,114.65,114.72,114.62,114.7,5994
PNC,201701181119,114.74,114.79,114.69,114.69,5346
PNC,201701181120,114.67,114.71,114.67,114.71,9300
PNC,201701181121,114.7,114.7,114.64,114.64,3935
PNC,201701181122,114.63,114.65,114.6,114.65,7585
PNC,201701181123,114.64,114.72,114.61,114.67,8311
PNC,201701181124,114.68,114.68,114.59,114.6,4691
PNC,201701181125,114.6,114.61,114.56,114.59,6124
PNC,201701181126,114.61,114.64,114.6,114.6,11500
PNC,201701181127,114.6,114.61,114.58,114.61,5810
PNC,201701181128,114.61,114.61,114.59,114.59,2500
PNC,201701181129,114.58,114.62,114.57,114.61,3301
PNC,201701181130,114.6,114.63,114.59,114.63,3953
PNC,201701181131,114.62,114.66,114.62,114.66,6175
PNC,201701181132,114.68,114.69,114.67,114.68,2091
PNC,201701181133,114.69,114.73,114.66,114.72,15314
PNC,201701181134,114.71,114.71,114.55,114.55,11484
PNC,201701181135,114.55,114.58,114.49,114.49,5175
PNC,201701181136,114.5,114.55,114.49,114.54,2475
PNC,201701181137,114.53,114.55,114.51,114.55,3299
PNC,201701181138,114.54,114.58,114.52,114.52,3360
PNC,201701181139,114.52,114.52,114.45,114.47,2300
PNC,201701181140,114.49,114.53,114.49,114.53,1216
PNC,201701181141,114.54,114.57,114.54,114.56,2360
PNC,201701181142,114.56,114.57,114.54,114.57,6604
PNC,201701181143,114.58,114.63,114.58,114.63,2625
PNC,201701181144,114.65,114.65,114.6,114.61,2664
PNC,201701181145,114.61,114.66,114.61,114.61,3651
PNC,201701181146,114.61,114.62,114.59,114.59,4500
PNC,201701181147,114.6,114.63,114.58,114.58,8776
PNC,201701181148,114.58,114.6,114.58,114.6,1350
PNC,201701181149,114.61,114.63,114.61,114.61,4975
PNC,201701181150,114.61,114.61,114.59,114.59,2500
PNC,201701181151,114.59,114.61,114.59,114.61,2548
PNC,201701181152,114.61,114.61,114.56,114.58,4703
PNC,201701181153,114.6,114.6,114.6,114.6,1423
PNC,201701181154,114.6,114.64,114.6,114.61,6153
PNC,201701181155,114.6,114.61,114.6,114.6,3631
PNC,201701181156,114.6,114.6,114.57,114.57,2000
PNC,201701181157,114.59,114.6,114.57,114.59,2523
PNC,201701181158,114.58,114.58,114.48,114.48,3200
PNC,201701181159,114.48,114.48,114.38,114.4,2120
PNC,201701181200,114.43,114.45,114.42,114.43,1900
PNC,201701181201,114.42,114.52,114.42,114.52,2614
PNC,201701181202,114.54,114.61,114.54,114.61,4460
PNC,201701181203,114.62,114.63,114.59,114.62,9380
PNC,201701181204,114.61,114.63,114.58,114.6,7083
PNC,201701181205,114.61,114.63,114.59,114.59,8070
PNC,201701181206,114.6,114.61,114.59,114.6,2221
PNC,201701181208,114.61,114.69,114.61,114.68,13797
PNC,201701181209,114.69,114.69,114.61,114.64,7756
PNC,201701181210,114.64,114.64,114.62,114.62,2713
PNC,201701181211,114.63,114.66,114.6,114.61,8174
PNC,201701181212,114.63,114.66,114.63,114.65,5305
PNC,201701181213,114.65,114.65,114.62,114.65,4400
PNC,201701181214,114.65,114.65,114.57,114.57,4085
PNC,201701181215,114.56,114.57,114.55,114.56,1133
PNC,201701181216,114.56,114.56,114.55,114.55,600
PNC,201701181217,114.53,114.56,114.53,114.56,1500
PNC,201701181218,114.56,114.58,114.56,114.58,3719
PNC,201701181219,114.57,114.6,114.56,114.57,4128
PNC,201701181220,114.57,114.57,114.55,114.55,2298
PNC,201701181221,114.56,114.56,114.53,114.53,1350
PNC,201701181222,114.56,114.58,114.55,114.55,2300
PNC,201701181223,114.56,114.64,114.55,114.63,3243
PNC,201701181224,114.63,114.63,114.59,114.6,3638
PNC,201701181225,114.6,114.6,114.54,114.6,2829
PNC,201701181226,114.59,114.78,114.56,114.78,16898
PNC,201701181227,114.76,114.78,114.76,114.78,2831
PNC,201701181228,114.77,114.81,114.77,114.78,5081
PNC,201701181229,114.78,114.8,114.78,114.78,2406
PNC,201701181230,114.78,114.78,114.77,114.77,1200
PNC,201701181231,114.78,114.85,114.77,114.82,6399
PNC,201701181232,114.8,114.8,114.74,114.74,3388
PNC,201701181233,114.73,114.77,114.72,114.76,4616
PNC,201701181234,114.77,114.8,114.77,114.8,2320
PNC,201701181235,114.8,114.81,114.78,114.78,2300
PNC,201701181236,114.78,114.82,114.78,114.82,2842
PNC,201701181237,114.84,114.95,114.83,114.94,3437
PNC,201701181238,114.94,114.94,114.91,114.92,2246
PNC,201701181239,114.91,114.91,114.87,114.87,1829
PNC,201701181240,114.87,114.87,114.82,114.86,2925
PNC,201701181241,114.86,114.86,114.86,114.86,100
PNC,201701181242,114.87,114.95,114.87,114.94,1808
PNC,201701181243,114.95,114.96,114.95,114.96,802
PNC,201701181244,114.96,114.98,114.96,114.96,900
PNC,201701181245,114.96,114.98,114.95,114.97,2500
PNC,201701181246,114.97,115.02,114.97,115.02,5122
PNC,201701181247,115.01,115.02,114.96,115.02,5409
PNC,201701181248,115.01,115.03,115.01,115.03,700
PNC,201701181249,115.03,115.06,114.99,114.99,2993
PNC,201701181250,114.99,115,114.98,115,600
PNC,201701181251,114.99,115,114.99,114.99,2012
PNC,201701181252,114.98,114.98,114.87,114.89,7099
PNC,201701181253,114.89,114.92,114.88,114.92,2471
PNC,201701181254,114.92,114.97,114.92,114.94,4210
PNC,201701181255,114.94,114.94,114.9,114.9,1668
PNC,201701181256,114.92,115,114.92,114.99,1859
PNC,201701181257,114.99,115.03,114.98,115.03,1976
PNC,201701181258,115.05,115.06,115.02,115.06,6046
PNC,201701181259,115.06,115.11,115.06,115.11,2727
PNC,201701181300,115.1,115.12,115.09,115.12,1408
PNC,201701181301,115.12,115.15,115.12,115.14,5796
PNC,201701181302,115.15,115.16,115.13,115.13,3447
PNC,201701181303,115.14,115.2,115.14,115.19,7047
PNC,201701181304,115.2,115.2,115.17,115.17,5646
PNC,201701181305,115.16,115.26,115.16,115.26,1900
PNC,201701181306,115.28,115.29,115.27,115.27,2100
PNC,201701181307,115.3,115.39,115.3,115.39,3526
PNC,201701181308,115.37,115.39,115.35,115.35,2300
PNC,201701181309,115.35,115.43,115.35,115.4,3734
PNC,201701181310,115.41,115.41,115.33,115.33,1820
PNC,201701181311,115.33,115.34,115.3,115.3,1400
PNC,201701181312,115.32,115.34,115.31,115.34,3256
PNC,201701181313,115.35,115.35,115.32,115.32,1710
PNC,201701181314,115.32,115.33,115.32,115.33,1100
PNC,201701181315,115.34,115.36,115.33,115.36,600
PNC,201701181316,115.34,115.34,115.26,115.27,3922
PNC,201701181317,115.28,115.3,115.27,115.27,1266
PNC,201701181318,115.27,115.29,115.25,115.27,9617
PNC,201701181319,115.27,115.27,115.22,115.22,3499
PNC,201701181320,115.22,115.25,115.2,115.24,4261
PNC,201701181321,115.23,115.24,115.2,115.2,2560
PNC,201701181322,115.2,115.2,115.2,115.2,419
PNC,201701181323,115.2,115.22,115.2,115.2,2670
PNC,201701181324,115.19,115.19,115.12,115.14,4123
PNC,201701181325,115.13,115.15,115.13,115.13,5208
PNC,201701181326,115.13,115.13,115.11,115.11,7170
PNC,201701181327,115.11,115.14,115.11,115.14,1200
PNC,201701181328,115.13,115.14,115.12,115.14,3400
PNC,201701181329,115.14,115.15,115.1,115.11,6200
PNC,201701181330,115.1,115.11,115.1,115.11,900
PNC,201701181331,115.11,115.12,115.07,115.08,15389
PNC,201701181332,115.09,115.1,115.07,115.07,4590
PNC,201701181333,115.08,115.09,115.08,115.09,1985
PNC,201701181334,115.09,115.11,115.09,115.11,1004
PNC,201701181335,115.12,115.12,115.09,115.1,6182
PNC,201701181336,115.1,115.12,115.1,115.12,3277
PNC,201701181337,115.11,115.11,115.11,115.11,1732
PNC,201701181338,115.12,115.12,115.11,115.12,12625
PNC,201701181339,115.12,115.13,115.1,115.1,23727
PNC,201701181340,115.1,115.16,115.07,115.14,26620
PNC,201701181341,115.13,115.15,115.12,115.14,8888
PNC,201701181342,115.14,115.14,115.11,115.12,8891
PNC,201701181343,115.12,115.13,115.11,115.11,1085
PNC,201701181344,115.1,115.15,115.1,115.11,7254
PNC,201701181345,115.09,115.13,115.08,115.13,2368
PNC,201701181346,115.12,115.12,115.07,115.07,1600
PNC,201701181347,115.09,115.13,115.08,115.11,2805
PNC,201701181348,115.12,115.12,115.11,115.11,1700
PNC,201701181349,115.12,115.13,115.12,115.13,2811
PNC,201701181350,115.12,115.13,115.08,115.08,4551
PNC,201701181351,115.08,115.1,115.06,115.07,2221
PNC,201701181352,115.08,115.11,115.08,115.1,2809
PNC,201701181353,115.1,115.1,115.08,115.09,2472
PNC,201701181354,115.1,115.1,115.09,115.09,2038
PNC,201701181355,115.09,115.1,115.08,115.1,3312
PNC,201701181356,115.1,115.1,115.09,115.09,6750
PNC,201701181357,115.09,115.1,115.09,115.1,1700
PNC,201701181358,115.1,115.1,115.09,115.1,2524
PNC,201701181359,115.1,115.1,115.09,115.09,7643
PNC,201701181400,115.09,115.13,115.08,115.13,12775
PNC,201701181401,115.13,115.32,115.13,115.3,3800
PNC,201701181402,115.31,115.35,115.31,115.34,1264
PNC,201701181403,115.34,115.36,115.3,115.3,4091
PNC,201701181404,115.31,115.33,115.3,115.3,4700
PNC,201701181405,115.31,115.34,115.27,115.34,2400
PNC,201701181406,115.35,115.47,115.35,115.47,3388
PNC,201701181407,115.5,115.53,115.46,115.49,6036
PNC,201701181408,115.5,115.55,115.48,115.51,3220
PNC,201701181409,115.52,115.57,115.51,115.53,5520
PNC,201701181410,115.54,115.54,115.49,115.49,2099
PNC,201701181411,115.52,115.52,115.5,115.5,1504
PNC,201701181412,115.5,115.52,115.49,115.51,2291
PNC,201701181413,115.52,115.54,115.48,115.48,3475
PNC,201701181414,115.49,115.5,115.48,115.5,900
PNC,201701181415,115.49,115.61,115.48,115.6,8246
PNC,201701181416,115.58,115.6,115.56,115.56,5166
PNC,201701181417,115.55,115.56,115.51,115.51,1332
PNC,201701181418,115.51,115.62,115.51,115.62,4085
PNC,201701181419,115.61,115.66,115.6,115.65,3044
PNC,201701181420,115.64,115.64,115.59,115.64,3661
PNC,201701181421,115.64,115.7,115.62,115.62,6270
PNC,201701181422,115.61,115.61,115.6,115.6,700
PNC,201701181423,115.6,115.64,115.6,115.63,4500
PNC,201701181424,115.64,115.69,115.6,115.64,9340
PNC,201701181425,115.63,115.63,115.56,115.57,2117
PNC,201701181426,115.58,115.58,115.55,115.56,8000
PNC,201701181427,115.55,115.57,115.54,115.55,4930
PNC,201701181428,115.54,115.57,115.54,115.57,3994
PNC,201701181429,115.56,115.57,115.53,115.56,4765
PNC,201701181430,115.55,115.55,115.48,115.49,3000
PNC,201701181431,115.5,115.52,115.49,115.5,2600
PNC,201701181432,115.49,115.51,115.49,115.5,900
PNC,201701181433,115.5,115.54,115.5,115.51,2159
PNC,201701181434,115.52,115.52,115.51,115.51,1300
PNC,201701181435,115.52,115.52,115.43,115.51,10811
PNC,201701181436,115.52,115.54,115.51,115.54,722
PNC,201701181437,115.53,115.55,115.51,115.54,9779
PNC,201701181438,115.54,115.58,115.54,115.58,2805
PNC,201701181439,115.57,115.58,115.55,115.58,8012
PNC,201701181440,115.56,115.59,115.55,115.58,7400
PNC,201701181441,115.57,115.58,115.53,115.54,3549
PNC,201701181442,115.52,115.54,115.51,115.54,7300
PNC,201701181443,115.53,115.54,115.51,115.54,4714
PNC,201701181444,115.53,115.54,115.5,115.5,7046
PNC,201701181445,115.5,115.5,115.48,115.49,1646
PNC,201701181446,115.49,115.49,115.45,115.45,1757
PNC,201701181447,115.47,115.53,115.46,115.53,7164
PNC,201701181448,115.53,115.55,115.51,115.51,4341
PNC,201701181449,115.52,115.53,115.5,115.51,4571
PNC,201701181450,115.51,115.54,115.51,115.52,3878
PNC,201701181451,115.53,115.62,115.53,115.6,9527
PNC,201701181452,115.59,115.59,115.54,115.54,11572
PNC,201701181453,115.55,115.57,115.55,115.56,19110
PNC,201701181454,115.56,115.57,115.55,115.56,5962
PNC,201701181455,115.58,115.58,115.55,115.57,4662
PNC,201701181456,115.56,115.57,115.54,115.57,8959
PNC,201701181457,115.57,115.57,115.55,115.55,2775
PNC,201701181458,115.56,115.57,115.55,115.57,3475
PNC,201701181459,115.56,115.57,115.55,115.55,4878
PNC,201701181500,115.55,115.56,115.54,115.55,7523
PNC,201701181501,115.54,115.57,115.53,115.56,6319
PNC,201701181502,115.56,115.57,115.56,115.57,1200
PNC,201701181503,115.57,115.57,115.56,115.56,5055
PNC,201701181504,115.56,115.64,115.56,115.64,5885
PNC,201701181505,115.64,115.64,115.6,115.64,5528
PNC,201701181506,115.65,115.66,115.64,115.65,2676
PNC,201701181507,115.66,115.7,115.65,115.7,3294
PNC,201701181508,115.71,115.76,115.68,115.75,6124
PNC,201701181509,115.75,115.76,115.68,115.7,4649
PNC,201701181510,115.7,115.7,115.69,115.7,1612
PNC,201701181511,115.69,115.69,115.66,115.67,4780
PNC,201701181512,115.66,115.72,115.66,115.72,6714
PNC,201701181513,115.72,115.72,115.71,115.71,600
PNC,201701181514,115.72,115.73,115.72,115.73,8033
PNC,201701181515,115.72,115.73,115.69,115.7,7516
PNC,201701181516,115.7,115.7,115.69,115.7,1600
PNC,201701181517,115.69,115.7,115.68,115.68,2716
PNC,201701181518,115.68,115.7,115.67,115.68,6543
PNC,201701181519,115.69,115.74,115.69,115.71,7113
PNC,201701181520,115.72,115.78,115.72,115.77,4214
PNC,201701181521,115.78,115.83,115.78,115.8,8682
PNC,201701181522,115.81,115.86,115.81,115.86,3927
PNC,201701181523,115.85,115.85,115.82,115.83,7219
PNC,201701181524,115.82,115.82,115.79,115.82,4204
PNC,201701181525,115.81,115.81,115.79,115.8,6717
PNC,201701181526,115.8,115.81,115.8,115.8,9067
PNC,201701181527,115.8,115.81,115.77,115.79,12710
PNC,201701181528,115.78,115.8,115.77,115.8,7155
PNC,201701181529,115.8,115.8,115.78,115.79,14387
PNC,201701181530,115.78,115.8,115.78,115.79,5598
PNC,201701181531,115.79,115.81,115.76,115.81,12057
PNC,201701181532,115.81,115.82,115.8,115.82,8612
PNC,201701181533,115.83,115.85,115.83,115.84,1900
PNC,201701181534,115.86,115.92,115.85,115.9,9910
PNC,201701181535,115.91,115.96,115.91,115.96,5515
PNC,201701181536,115.97,116.01,115.97,116.01,5802
PNC,201701181537,116.02,116.1,116.02,116.07,13016
PNC,201701181538,116.08,116.12,116.07,116.11,6677
PNC,201701181539,116.12,116.14,116.08,116.11,10555
PNC,201701181540,116.12,116.13,116.09,116.1,9914
PNC,201701181541,116.09,116.15,116.09,116.14,5882
PNC,201701181542,116.14,116.18,116.14,116.14,13132
PNC,201701181543,116.15,116.16,116.12,116.12,7800
PNC,201701181544,116.12,116.12,116.1,116.11,6428
PNC,201701181545,116.12,116.13,116.11,116.11,23892
PNC,201701181546,116.11,116.22,116.1,116.22,13201
PNC,201701181547,116.22,116.26,116.21,116.25,11035
PNC,201701181548,116.25,116.27,116.24,116.24,20900
PNC,201701181549,116.24,116.24,116.21,116.21,16795
PNC,201701181550,116.22,116.24,116.21,116.23,18919
PNC,201701181551,116.24,116.24,116.22,116.22,16733
PNC,201701181552,116.22,116.25,116.22,116.24,28767
PNC,201701181553,116.25,116.26,116.24,116.25,19840
PNC,201701181554,116.25,116.26,116.24,116.26,24524
PNC,201701181555,116.25,116.32,116.24,116.32,37976
PNC,201701181556,116.31,116.32,116.27,116.32,33813
PNC,201701181557,116.31,116.36,116.31,116.34,25822
PNC,201701181558,116.34,116.39,116.33,116.39,19706
PNC,201701181559,116.39,116.39,116.26,116.32,69851
PNC,201701181602,116.32,116.32,116.32,116.32,135768
PNC,201701181603,116.32,116.32,116.32,116.32,57945
