<ticker>,<date>,<open>,<high>,<low>,<close>,<vol>
ROK,201701270930,152.44,152.7,152,152.38,27555
ROK,201701270931,152.17,152.24,152.06,152.06,4550
ROK,201701270932,152.14,152.41,152.07,152.26,8816
ROK,201701270933,152.26,152.5,152.21,152.48,8968
ROK,201701270934,152.4,152.48,152.18,152.29,6880
ROK,201701270935,152.31,152.31,152.16,152.31,10500
ROK,201701270936,152.31,152.31,152.31,152.31,200
ROK,201701270937,152.27,152.33,152.04,152.04,10680
ROK,201701270938,152.21,152.21,151.96,152.05,7711
ROK,201701270939,152.11,152.11,151.95,151.99,3133
ROK,201701270940,151.9,152.06,151.9,151.97,4587
ROK,201701270941,152.01,152.01,152.01,152.01,207
ROK,201701270942,152,152.14,151.95,152.04,22270
ROK,201701270943,152.14,152.14,152.1,152.1,1300
ROK,201701270944,152.13,152.13,152.03,152.03,800
ROK,201701270945,152.02,152.05,151.95,151.95,1400
ROK,201701270946,151.91,152.03,151.9,152,8658
ROK,201701270947,151.97,152.05,151.95,152,2163
ROK,201701270948,151.93,152.01,151.93,152,1333
ROK,201701270949,151.96,151.97,151.96,151.97,300
ROK,201701270950,151.96,152.02,151.91,152.02,1386
ROK,201701270951,152.06,152.06,151.96,151.99,7934
ROK,201701270952,151.98,152.02,151.83,151.93,11172
ROK,201701270953,151.92,152.04,151.91,152.01,3108
ROK,201701270954,152.02,152.13,151.96,152.1,5394
ROK,201701270955,152.05,152.15,152.05,152.13,500
ROK,201701270956,152.05,152.06,151.89,151.96,8737
ROK,201701270957,152.02,152.02,152.02,152.02,100
ROK,201701270958,152.1,152.16,151.97,152.1,2600
ROK,201701270959,152.14,152.16,151.1,151.1,8570
ROK,201701271000,152,152.07,151.1,152,4200
ROK,201701271001,152,152.07,151.98,152.05,5649
ROK,201701271002,152.01,152.12,152,152.12,45000
ROK,201701271003,152.12,152.21,152.1,152.14,12000
ROK,201701271004,152.12,152.14,152.05,152.1,1467
ROK,201701271005,152.13,152.21,152.1,152.21,1910
ROK,201701271006,152.22,152.34,152.22,152.31,1200
ROK,201701271007,152.39,152.41,152.31,152.34,1000
ROK,201701271008,152.48,152.5,152.48,152.49,334
ROK,201701271009,152.49,152.5,152.44,152.45,3900
ROK,201701271010,152.5,152.64,152.48,152.64,5081
ROK,201701271011,152.62,152.7,152.62,152.66,6335
ROK,201701271012,152.68,152.68,152.58,152.61,3236
ROK,201701271013,152.63,152.67,152.61,152.62,1641
ROK,201701271014,152.64,152.65,152.63,152.64,3169
ROK,201701271015,152.62,152.63,152.6,152.6,2054
ROK,201701271016,152.64,152.64,152.57,152.58,4200
ROK,201701271017,152.6,152.6,152.48,152.48,1960
ROK,201701271018,152.46,152.46,152.39,152.39,700
ROK,201701271019,152.48,152.55,152.48,152.55,800
ROK,201701271020,152.6,152.6,152.55,152.6,1298
ROK,201701271021,152.62,152.63,152.59,152.59,2200
ROK,201701271022,152.59,152.59,152.47,152.47,2700
ROK,201701271023,152.45,152.48,152.44,152.44,4095
ROK,201701271024,152.42,152.44,152.38,152.44,4300
ROK,201701271025,152.43,152.45,152.37,152.37,2819
ROK,201701271026,152.36,152.37,152.29,152.29,2800
ROK,201701271027,152.29,152.29,152.24,152.24,5000
ROK,201701271028,152.24,152.24,152.19,152.2,2495
ROK,201701271029,152.19,152.19,152.09,152.09,900
ROK,201701271030,152.1,152.1,152.1,152.1,200
ROK,201701271031,152.1,152.16,152.1,152.16,1000
ROK,201701271032,152.18,152.2,152.15,152.15,2911
ROK,201701271033,152.13,152.13,152.08,152.13,3445
ROK,201701271034,152.11,152.11,152.01,152.11,3196
ROK,201701271035,152.11,152.11,152.11,152.11,481
ROK,201701271036,152.11,152.14,152.11,152.14,1200
ROK,201701271037,152.16,152.19,152.09,152.19,6370
ROK,201701271038,152.16,152.23,152.16,152.19,2893
ROK,201701271039,152.22,152.25,152.17,152.23,5417
ROK,201701271040,152.24,152.3,152.19,152.27,4494
ROK,201701271041,152.25,152.28,152.18,152.2,1590
ROK,201701271042,152.24,152.26,152.24,152.26,600
ROK,201701271043,152.23,152.23,152.19,152.23,5880
ROK,201701271044,152.23,152.25,152.2,152.23,10882
ROK,201701271045,152.2,152.23,152.18,152.2,2588
ROK,201701271046,152.2,152.2,152.2,152.2,400
ROK,201701271047,152.22,152.24,152.15,152.22,8088
ROK,201701271048,152.19,152.21,152.05,152.06,1601
ROK,201701271050,152.08,152.14,152.08,152.14,1378
ROK,201701271051,152.15,152.16,152.08,152.08,1485
ROK,201701271052,152.07,152.13,152.05,152.13,1600
ROK,201701271053,152.1,152.1,152.04,152.08,1950
ROK,201701271054,152.06,152.08,152.06,152.08,403
ROK,201701271055,152.06,152.06,152.05,152.05,400
ROK,201701271056,152.03,152.06,152,152.06,2300
ROK,201701271057,152.06,152.09,152.06,152.09,9133
ROK,201701271058,152.08,152.08,152.05,152.05,1100
ROK,201701271100,152.1,152.21,152.1,152.2,3323
ROK,201701271101,152.16,152.16,152.09,152.12,5300
ROK,201701271102,152.11,152.14,152.11,152.14,600
ROK,201701271103,152.12,152.15,152.09,152.09,1752
ROK,201701271104,152.1,152.15,152.09,152.15,3000
ROK,201701271105,152.14,152.15,152.11,152.14,3800
ROK,201701271106,152.11,152.12,152.06,152.1,2600
ROK,201701271108,152.1,152.13,152.09,152.13,403
ROK,201701271110,152.12,152.16,152.12,152.12,1000
ROK,201701271111,152.12,152.19,152.11,152.19,2962
ROK,201701271112,152.21,152.25,152.2,152.25,1000
ROK,201701271113,152.25,152.28,152.25,152.27,700
ROK,201701271114,152.27,152.29,152.27,152.29,700
ROK,201701271115,152.26,152.26,152.16,152.17,2899
ROK,201701271116,152.14,152.17,152.14,152.17,509
ROK,201701271117,152.17,152.24,152.17,152.2,1385
ROK,201701271118,152.21,152.23,152.2,152.23,1400
ROK,201701271119,152.18,152.19,152.01,152.12,12386
ROK,201701271120,152.11,152.11,152.1,152.11,500
ROK,201701271121,152.1,152.16,152.1,152.16,800
ROK,201701271122,152.2,152.2,152.2,152.2,100
ROK,201701271123,152.2,152.23,152.17,152.17,1157
ROK,201701271124,152.16,152.17,152.11,152.16,1000
ROK,201701271125,152.2,152.23,152.19,152.23,700
ROK,201701271126,152.24,152.3,152.24,152.3,500
ROK,201701271127,152.35,152.35,152.27,152.27,374
ROK,201701271128,152.29,152.32,152.27,152.27,1575
ROK,201701271129,152.29,152.35,152.29,152.35,1100
ROK,201701271130,152.31,152.31,152.24,152.24,1900
ROK,201701271131,152.27,152.29,152.27,152.29,400
ROK,201701271132,152.27,152.27,152.23,152.24,1500
ROK,201701271133,152.26,152.31,152.26,152.31,900
ROK,201701271134,152.3,152.3,152.29,152.29,200
ROK,201701271135,152.33,152.34,152.27,152.31,2235
ROK,201701271136,152.26,152.27,152.26,152.26,800
ROK,201701271137,152.28,152.3,152.28,152.29,1600
ROK,201701271138,152.28,152.28,152.21,152.21,2348
ROK,201701271139,152.21,152.21,152.13,152.13,960
ROK,201701271140,152.13,152.19,152.13,152.18,4500
ROK,201701271141,152.21,152.22,152.2,152.22,700
ROK,201701271142,152.22,152.22,152.15,152.15,3595
ROK,201701271143,152.16,152.16,152.13,152.14,2207
ROK,201701271144,152.12,152.14,152.12,152.12,2100
ROK,201701271145,152.13,152.13,152.09,152.1,7900
ROK,201701271146,152.09,152.09,152,152.03,7087
ROK,201701271147,152.03,152.03,151.99,152,4624
ROK,201701271148,152.01,152.05,151.99,152.03,2900
ROK,201701271149,152.1,152.1,152.07,152.1,1000
ROK,201701271150,152.15,152.2,152.09,152.11,1571
ROK,201701271151,152.26,152.26,152.26,152.26,100
ROK,201701271152,152.25,152.29,152.23,152.26,4600
ROK,201701271153,152.3,152.3,152.26,152.29,438
ROK,201701271154,152.28,152.28,152.14,152.17,5734
ROK,201701271155,152.17,152.18,152.04,152.11,10014
ROK,201701271156,152.11,152.23,152.11,152.23,2080
ROK,201701271157,152.36,152.36,152.35,152.35,400
ROK,201701271158,152.35,152.46,152.35,152.46,2432
ROK,201701271159,152.45,152.51,152.45,152.47,8824
ROK,201701271200,152.47,152.47,152.38,152.41,2700
ROK,201701271201,152.42,152.42,152.39,152.39,200
ROK,201701271202,152.41,152.46,152.41,152.46,1507
ROK,201701271203,152.46,152.46,152.4,152.4,500
ROK,201701271204,152.45,152.46,152.41,152.43,1500
ROK,201701271205,152.4,152.4,152.36,152.36,1200
ROK,201701271206,152.37,152.37,152.37,152.37,430
ROK,201701271207,152.33,152.33,152.33,152.33,100
ROK,201701271209,152.3,152.31,152.23,152.23,1200
ROK,201701271210,152.22,152.22,152.19,152.19,200
ROK,201701271212,152.22,152.31,152.22,152.31,2644
ROK,201701271213,152.34,152.35,152.34,152.35,300
ROK,201701271214,152.35,152.37,152.35,152.37,500
ROK,201701271215,152.38,152.39,152.38,152.38,664
ROK,201701271216,152.36,152.37,152.35,152.35,1751
ROK,201701271217,152.35,152.35,152.35,152.35,105
ROK,201701271218,152.36,152.38,152.35,152.35,2200
ROK,201701271219,152.36,152.39,152.36,152.36,2400
ROK,201701271220,152.37,152.37,152.33,152.33,949
ROK,201701271221,152.32,152.32,152.32,152.32,100
ROK,201701271223,152.37,152.46,152.37,152.46,2200
ROK,201701271224,152.43,152.43,152.38,152.38,1275
ROK,201701271226,152.4,152.4,152.34,152.34,815
ROK,201701271227,152.34,152.34,152.3,152.3,700
ROK,201701271229,152.28,152.28,152.25,152.26,1621
ROK,201701271230,152.3,152.39,152.29,152.39,3500
ROK,201701271231,152.37,152.37,152.37,152.37,113
ROK,201701271232,152.43,152.48,152.43,152.48,500
ROK,201701271233,152.48,152.48,152.48,152.48,100
ROK,201701271234,152.47,152.55,152.47,152.51,3008
ROK,201701271235,152.55,152.55,152.55,152.55,100
ROK,201701271238,152.48,152.48,152.43,152.43,1163
ROK,201701271239,152.42,152.42,152.42,152.42,113
ROK,201701271240,152.38,152.38,152.33,152.33,900
ROK,201701271241,152.3,152.34,152.27,152.28,1500
ROK,201701271242,152.26,152.28,152.21,152.21,1100
ROK,201701271243,152.21,152.21,152.21,152.21,200
ROK,201701271244,152.22,152.25,152.21,152.25,2100
ROK,201701271245,152.21,152.21,152.04,152.18,3939
ROK,201701271246,152.21,152.21,152.16,152.19,400
ROK,201701271247,152.1,152.1,152.1,152.1,100
ROK,201701271248,152.15,152.15,152.15,152.15,100
ROK,201701271249,152.1,152.14,152.1,152.14,275
ROK,201701271250,152.13,152.23,152.13,152.22,900
ROK,201701271251,152.25,152.31,152.16,152.23,6701
ROK,201701271253,152.18,152.21,152.18,152.19,1400
ROK,201701271254,152.2,152.29,152.19,152.23,2500
ROK,201701271255,152.31,152.32,152.28,152.28,500
ROK,201701271256,152.32,152.34,152.29,152.29,900
ROK,201701271258,152.34,152.34,152.3,152.3,1532
ROK,201701271259,152.32,152.32,152.27,152.27,300
ROK,201701271300,152.25,152.25,152.21,152.21,500
ROK,201701271301,152.17,152.18,152.17,152.18,300
ROK,201701271302,152.18,152.18,152.18,152.18,600
ROK,201701271303,152.23,152.33,152.23,152.27,2780
ROK,201701271305,152.32,152.37,152.3,152.3,567
ROK,201701271306,152.38,152.38,152.38,152.38,200
ROK,201701271307,152.36,152.37,152.25,152.29,1856
ROK,201701271309,152.31,152.31,152.27,152.27,2709
ROK,201701271310,152.27,152.3,152.27,152.3,1800
ROK,201701271312,152.29,152.33,152.29,152.3,2903
ROK,201701271313,152.31,152.31,152.19,152.26,5200
ROK,201701271314,152.24,152.24,152.24,152.24,125
ROK,201701271315,152.23,152.24,152.21,152.24,600
ROK,201701271316,152.2,152.2,152.12,152.12,1422
ROK,201701271317,152.1,152.1,152.1,152.1,200
ROK,201701271318,152.11,152.16,152.03,152.1,7260
ROK,201701271319,152.05,152.05,152.05,152.05,100
ROK,201701271320,152.1,152.1,152.05,152.08,1194
ROK,201701271321,152.07,152.14,152.03,152.05,5652
ROK,201701271322,152.03,152.04,152.02,152.03,3167
ROK,201701271323,152.05,152.06,152.04,152.06,800
ROK,201701271324,152.05,152.08,152.05,152.07,1100
ROK,201701271325,152.08,152.12,152.08,152.09,2200
ROK,201701271326,152.1,152.13,152.1,152.11,1500
ROK,201701271327,152.13,152.16,152.13,152.16,600
ROK,201701271328,152.16,152.16,152.13,152.13,1395
ROK,201701271329,152.13,152.19,152.13,152.18,9005
ROK,201701271330,152.21,152.22,152.15,152.18,5222
ROK,201701271331,152.19,152.19,152.19,152.19,100
ROK,201701271332,152.17,152.17,152.17,152.17,2415
ROK,201701271333,152.17,152.17,152.16,152.16,500
ROK,201701271334,152.18,152.2,152.18,152.2,500
ROK,201701271335,152.21,152.21,152.09,152.09,2200
ROK,201701271336,152.08,152.09,152.06,152.06,700
ROK,201701271338,152.01,152.05,152.01,152.05,1200
ROK,201701271339,152.08,152.08,152.08,152.08,500
ROK,201701271340,152.07,152.07,151.96,151.96,4500
ROK,201701271341,151.96,151.98,151.9,151.96,2378
ROK,201701271342,151.9,151.95,151.9,151.95,400
ROK,201701271343,151.95,152.01,151.95,152,1600
ROK,201701271344,152.03,152.08,152.03,152.08,1700
ROK,201701271345,152.1,152.16,152.1,152.11,2303
ROK,201701271346,152.09,152.1,151.98,151.98,3028
ROK,201701271347,152,152,151.99,152,300
ROK,201701271348,151.99,151.99,151.95,151.95,1058
ROK,201701271349,151.96,152.04,151.96,152.04,1800
ROK,201701271350,152.04,152.09,152.02,152.03,1600
ROK,201701271351,152,152,151.93,151.93,700
ROK,201701271352,151.92,151.92,151.88,151.88,900
ROK,201701271353,151.88,151.88,151.88,151.88,100
ROK,201701271354,151.87,151.87,151.84,151.84,1300
ROK,201701271355,151.88,151.9,151.86,151.9,2095
ROK,201701271356,151.9,151.93,151.9,151.93,800
ROK,201701271357,151.94,151.95,151.93,151.95,600
ROK,201701271358,151.95,151.96,151.94,151.94,929
ROK,201701271359,151.96,151.96,151.96,151.96,100
ROK,201701271400,151.94,151.95,151.94,151.95,1105
ROK,201701271401,151.94,151.99,151.94,151.99,2800
ROK,201701271402,151.99,152,151.99,151.99,1100
ROK,201701271403,152,152.01,151.9,151.92,10199
ROK,201701271405,151.9,151.91,151.9,151.91,200
ROK,201701271406,151.9,151.93,151.9,151.92,1300
ROK,201701271407,151.93,151.95,151.88,151.88,3266
ROK,201701271408,151.88,151.89,151.88,151.89,200
ROK,201701271409,151.89,151.89,151.89,151.89,100
ROK,201701271410,151.86,151.91,151.85,151.88,3799
ROK,201701271412,151.89,151.89,151.76,151.76,5300
ROK,201701271413,151.75,151.8,151.75,151.78,3992
ROK,201701271414,151.82,151.83,151.74,151.81,9067
ROK,201701271415,151.72,151.72,151.71,151.71,700
ROK,201701271416,151.72,151.72,151.67,151.67,5059
ROK,201701271417,151.65,151.77,151.62,151.77,6720
ROK,201701271418,151.76,151.84,151.76,151.84,900
ROK,201701271419,151.85,151.9,151.85,151.9,400
ROK,201701271421,151.85,151.85,151.85,151.85,100
ROK,201701271422,151.91,151.99,151.91,151.99,4498
ROK,201701271423,152,152,151.84,151.85,7812
ROK,201701271424,151.86,151.87,151.85,151.87,900
ROK,201701271425,151.89,151.89,151.89,151.89,200
ROK,201701271426,151.9,151.9,151.75,151.76,62771
ROK,201701271427,151.75,151.75,151.74,151.75,634
ROK,201701271429,151.8,151.8,151.77,151.79,356
ROK,201701271430,151.76,151.76,151.74,151.76,900
ROK,201701271431,151.78,151.86,151.78,151.86,2800
ROK,201701271432,151.86,151.89,151.86,151.86,1000
ROK,201701271433,151.87,151.95,151.85,151.93,1687
ROK,201701271434,151.95,151.96,151.94,151.96,778
ROK,201701271435,151.94,151.94,151.8,151.8,7333
ROK,201701271436,151.8,151.8,151.66,151.66,2584
ROK,201701271437,151.66,151.68,151.61,151.68,3200
ROK,201701271438,151.68,151.68,151.59,151.59,1800
ROK,201701271439,151.56,151.56,151.56,151.56,700
ROK,201701271440,151.53,151.59,151.53,151.55,1500
ROK,201701271441,151.55,151.61,151.48,151.55,2618
ROK,201701271442,151.52,151.54,151.5,151.51,1418
ROK,201701271443,151.54,151.56,151.48,151.48,4150
ROK,201701271444,151.48,151.49,151.48,151.48,600
ROK,201701271445,151.48,151.52,151.48,151.49,1614
ROK,201701271446,151.54,151.61,151.51,151.58,4300
ROK,201701271447,151.58,151.58,151.5,151.5,1400
ROK,201701271448,151.5,151.5,151.47,151.47,1050
ROK,201701271449,151.47,151.48,151.47,151.47,887
ROK,201701271450,151.49,151.49,151.46,151.48,4120
ROK,201701271451,151.47,151.51,151.47,151.51,3800
ROK,201701271452,151.48,151.48,151.41,151.43,1600
ROK,201701271453,151.39,151.41,151.35,151.36,1513
ROK,201701271454,151.37,151.46,151.37,151.41,6050
ROK,201701271455,151.44,151.44,151.4,151.43,2735
ROK,201701271456,151.43,151.43,151.38,151.38,2460
ROK,201701271457,151.37,151.38,151.35,151.36,2980
ROK,201701271458,151.35,151.35,151.34,151.34,700
ROK,201701271459,151.36,151.37,151,151,18658
ROK,201701271500,151.07,151.22,151.01,151.11,6547
ROK,201701271501,151.12,151.24,151.11,151.24,3522
ROK,201701271502,151.24,151.24,151.17,151.18,8826
ROK,201701271503,151.2,151.2,151.14,151.14,3885
ROK,201701271504,151.18,151.18,151.1,151.1,4762
ROK,201701271505,151.1,151.14,151.09,151.13,3700
ROK,201701271506,151.13,151.13,151.05,151.05,9030
ROK,201701271507,151.07,151.1,151.05,151.08,5099
ROK,201701271508,151.09,151.09,151.05,151.05,3400
ROK,201701271509,151.02,151.07,151.02,151.06,2212
ROK,201701271510,151.05,151.07,151.01,151.01,1815
ROK,201701271511,151.01,151.01,150.98,150.99,3500
ROK,201701271512,151,151.05,151,151.04,3700
ROK,201701271513,151.07,151.17,151.07,151.1,2400
ROK,201701271514,151.1,151.13,151.09,151.12,1100
ROK,201701271515,151.11,151.11,150.99,151.03,4300
ROK,201701271516,151.03,151.03,150.96,150.96,4100
ROK,201701271517,150.96,151,150.92,150.92,4786
ROK,201701271518,150.92,150.95,150.91,150.94,7042
ROK,201701271519,150.95,150.96,150.89,150.9,9027
ROK,201701271520,150.88,150.92,150.88,150.9,3845
ROK,201701271521,150.92,150.92,150.86,150.86,5105
ROK,201701271522,150.87,150.91,150.87,150.87,4978
ROK,201701271523,150.88,150.92,150.88,150.9,4200
ROK,201701271524,150.9,150.92,150.9,150.91,800
ROK,201701271525,150.91,150.92,150.9,150.91,4346
ROK,201701271526,150.9,150.91,150.9,150.9,12711
ROK,201701271527,150.91,150.99,150.9,150.99,7019
ROK,201701271528,150.97,150.99,150.89,150.99,7950
ROK,201701271529,150.95,150.95,150.88,150.89,4095
ROK,201701271530,150.89,150.96,150.89,150.93,2125
ROK,201701271531,150.96,151.07,150.96,151.04,17161
ROK,201701271532,151.04,151.05,151,151,3013
ROK,201701271533,151,151.02,151,151.01,13362
ROK,201701271534,151.01,151.01,150.95,150.95,7346
ROK,201701271535,150.92,150.92,150.88,150.9,6450
ROK,201701271536,150.9,150.94,150.9,150.91,9776
ROK,201701271537,150.9,150.91,150.88,150.88,3966
ROK,201701271538,150.84,150.87,150.84,150.86,1600
ROK,201701271539,150.85,150.91,150.85,150.9,12017
ROK,201701271540,150.91,150.93,150.89,150.9,8579
ROK,201701271541,150.9,150.91,150.85,150.86,6354
ROK,201701271542,150.86,150.86,150.79,150.81,6645
ROK,201701271543,150.82,150.83,150.8,150.82,8952
ROK,201701271544,150.82,150.82,150.79,150.79,11981
ROK,201701271545,150.78,150.83,150.78,150.8,18616
ROK,201701271546,150.82,150.89,150.8,150.8,9689
ROK,201701271547,150.78,150.81,150.78,150.78,1600
ROK,201701271548,150.78,150.8,150.76,150.77,5223
ROK,201701271549,150.77,150.82,150.77,150.81,9232
ROK,201701271550,150.82,150.86,150.79,150.8,17657
ROK,201701271551,150.8,150.83,150.8,150.81,9321
ROK,201701271552,150.82,150.83,150.74,150.75,9406
ROK,201701271553,150.75,150.77,150.72,150.73,7227
ROK,201701271554,150.73,150.8,150.73,150.75,25058
ROK,201701271555,150.78,150.82,150.74,150.77,13263
ROK,201701271556,150.76,150.8,150.74,150.78,15955
ROK,201701271557,150.78,150.82,150.77,150.78,14643
ROK,201701271558,150.78,150.79,150.73,150.74,24103
ROK,201701271559,150.75,150.75,150.7,150.74,21098
ROK,201701271601,150.75,150.75,150.75,150.75,37915
