<ticker>,<date>,<open>,<high>,<low>,<close>,<vol>
ROK,201701300930,150.33,150.33,149.13,149.35,18534
ROK,201701300931,149.21,149.36,149.16,149.28,1800
ROK,201701300932,149.27,149.65,149.27,149.48,2354
ROK,201701300933,149.27,149.4,149.09,149.1,3785
ROK,201701300934,149.32,149.34,149.2,149.33,5450
ROK,201701300935,149.26,149.33,149.16,149.23,4049
ROK,201701300936,149.35,149.35,149.11,149.24,5676
ROK,201701300937,149.17,149.65,149.15,149.21,10640
ROK,201701300938,149.42,149.42,149.12,149.39,6013
ROK,201701300939,149.3,149.33,149.04,149.2,9324
ROK,201701300940,149.12,149.23,149.05,149.12,6800
ROK,201701300941,149.14,149.29,149.05,149.14,4300
ROK,201701300942,149.14,149.26,149.07,149.14,3744
ROK,201701300943,149.08,149.12,148.89,149.05,2400
ROK,201701300944,149.12,149.18,148.69,148.77,5244
ROK,201701300945,148.8,149.04,148.79,148.91,3201
ROK,201701300946,148.88,148.88,148.82,148.82,200
ROK,201701300947,149.01,149.01,148.81,148.92,970
ROK,201701300948,148.82,148.95,148.63,148.81,8451
ROK,201701300949,148.78,148.81,148.69,148.69,3397
ROK,201701300950,148.64,148.76,148.64,148.76,1000
ROK,201701300951,148.76,148.81,148.7,148.78,2995
ROK,201701300952,148.79,148.96,148.77,148.92,2000
ROK,201701300953,148.93,149.03,148.93,149,2602
ROK,201701300954,149,149.01,148.89,149,3701
ROK,201701300955,149,149.05,148.98,149.05,900
ROK,201701300956,149.06,149.17,149.01,149.08,2500
ROK,201701300957,149.14,149.14,149,149,3557
ROK,201701300958,149.06,149.17,149.04,149.11,1695
ROK,201701300959,149.25,149.25,149.13,149.2,2447
ROK,201701301000,149.15,149.16,149.03,149.14,5603
ROK,201701301001,149.16,149.23,149.05,149.06,2600
ROK,201701301002,149.21,149.23,149.12,149.12,1500
ROK,201701301003,149.17,149.35,149.08,149.08,8000
ROK,201701301004,149.17,149.23,149.09,149.1,3300
ROK,201701301005,149.1,149.2,149.09,149.11,5800
ROK,201701301006,149.16,149.23,149.07,149.13,4032
ROK,201701301007,149.12,149.12,149.01,149.09,1773
ROK,201701301008,149.11,149.32,149.1,149.19,6488
ROK,201701301009,149.2,149.25,149.02,149.09,5312
ROK,201701301010,149.23,149.23,149.16,149.22,500
ROK,201701301011,149.22,149.34,149.02,149.16,13796
ROK,201701301012,149,149,148.95,148.99,500
ROK,201701301013,148.99,149.03,148.92,148.97,3716
ROK,201701301014,148.95,149.03,148.95,149.02,8616
ROK,201701301015,149.03,149.08,148.87,148.94,5437
ROK,201701301016,148.92,149.01,148.92,148.96,3890
ROK,201701301017,148.98,149.08,148.1,149.08,1619
ROK,201701301018,149.01,149.03,148.89,148.89,3370
ROK,201701301019,148.9,148.96,148.74,148.74,2214
ROK,201701301020,148.78,148.87,148.71,148.8,5052
ROK,201701301021,148.77,148.84,148.62,148.62,6226
ROK,201701301022,148.63,148.65,148.56,148.65,6807
ROK,201701301023,148.64,148.65,148.52,148.52,1675
ROK,201701301024,148.55,148.74,148.52,148.67,1550
ROK,201701301025,148.73,148.73,148.69,148.7,600
ROK,201701301026,148.75,148.78,148.69,148.75,5408
ROK,201701301027,148.74,148.76,148.59,148.62,2925
ROK,201701301028,148.6,148.72,148.59,148.68,4850
ROK,201701301029,148.65,148.69,148.61,148.61,1678
ROK,201701301030,148.64,148.73,148.64,148.64,5264
ROK,201701301031,148.67,148.67,148.53,148.55,6091
ROK,201701301032,148.6,148.62,148.5,148.52,4181
ROK,201701301033,148.52,148.53,148.46,148.5,4879
ROK,201701301034,148.54,148.63,148.54,148.54,3268
ROK,201701301035,148.55,148.71,148.53,148.71,3600
ROK,201701301036,148.66,148.85,148.66,148.74,11677
ROK,201701301037,148.75,148.75,148.64,148.68,3450
ROK,201701301038,148.66,148.67,148.5,148.55,4243
ROK,201701301039,148.52,148.58,148.49,148.54,6890
ROK,201701301040,148.51,148.57,148.47,148.5,5700
ROK,201701301041,148.51,148.53,148.44,148.44,8460
ROK,201701301042,148.44,148.47,148.4,148.4,3523
ROK,201701301043,148.38,148.42,148.3,148.3,3045
ROK,201701301044,148.3,148.5,148.25,148.37,19308
ROK,201701301045,148.32,148.39,148.16,148.28,4904
ROK,201701301046,148.24,148.33,148.23,148.27,3200
ROK,201701301047,148.25,148.25,148.13,148.15,2231
ROK,201701301048,148.21,148.42,148.21,148.4,3670
ROK,201701301049,148.39,148.4,148.22,148.3,1800
ROK,201701301050,148.26,148.42,148.25,148.38,3300
ROK,201701301051,148.37,148.37,148.29,148.37,1325
ROK,201701301052,148.31,148.32,148.18,148.18,1501
ROK,201701301054,148.17,148.19,148.11,148.11,2100
ROK,201701301055,148.12,148.12,147.81,147.81,16719
ROK,201701301056,147.82,147.88,147.79,147.79,6850
ROK,201701301057,147.79,147.9,147.79,147.84,4485
ROK,201701301058,147.85,148.1,147.85,148.03,9500
ROK,201701301059,148.03,148.1,148.03,148.04,2210
ROK,201701301100,148.05,148.17,147.98,148.17,3423
ROK,201701301101,148.08,148.23,148.08,148.22,3900
ROK,201701301102,148.24,148.36,148.24,148.36,980
ROK,201701301103,148.36,148.41,148.3,148.41,1100
ROK,201701301104,148.41,148.42,148.36,148.41,3171
ROK,201701301105,148.41,148.5,148.41,148.43,3853
ROK,201701301106,148.43,148.48,148.42,148.42,7119
ROK,201701301107,148.41,148.44,148.41,148.42,1600
ROK,201701301108,148.42,148.51,148.42,148.48,9591
ROK,201701301109,148.51,148.57,148.49,148.51,10102
ROK,201701301110,148.51,148.7,148.51,148.6,2870
ROK,201701301111,148.61,148.62,148.61,148.62,424
ROK,201701301112,148.66,148.66,148.58,148.58,2200
ROK,201701301113,148.66,148.75,148.59,148.75,8267
ROK,201701301114,148.71,148.85,148.44,148.45,33235
ROK,201701301115,148.47,148.49,148.4,148.42,2436
ROK,201701301116,148.46,148.46,148.44,148.44,1100
ROK,201701301117,148.44,148.51,148.42,148.48,6530
ROK,201701301118,148.44,148.48,148.42,148.48,2300
ROK,201701301119,148.43,148.57,148.43,148.53,5301
ROK,201701301120,148.57,148.76,148.54,148.72,5009
ROK,201701301121,148.72,148.72,148.49,148.53,6300
ROK,201701301122,148.54,148.54,148.54,148.54,200
ROK,201701301123,148.59,148.59,148.59,148.59,100
ROK,201701301124,148.58,148.61,148.43,148.43,7400
ROK,201701301125,148.44,148.66,148.44,148.57,7500
ROK,201701301126,148.55,148.6,148.54,148.6,2600
ROK,201701301127,148.63,148.65,148.51,148.51,4553
ROK,201701301128,148.52,148.54,148.43,148.46,2200
ROK,201701301129,148.46,148.46,148.41,148.41,700
ROK,201701301130,148.42,148.48,148.41,148.48,1173
ROK,201701301131,148.47,148.49,148.44,148.44,1500
ROK,201701301132,148.46,148.52,148.46,148.52,1698
ROK,201701301133,148.51,148.54,148.5,148.52,3380
ROK,201701301134,148.55,148.58,148.52,148.54,1550
ROK,201701301135,148.5,148.61,148.5,148.61,3400
ROK,201701301136,148.61,148.68,148.61,148.63,2200
ROK,201701301137,148.63,148.66,148.49,148.49,3849
ROK,201701301138,148.54,148.56,148.43,148.43,9207
ROK,201701301139,148.46,148.59,148.41,148.56,11903
ROK,201701301140,148.58,148.58,148.48,148.48,1649
ROK,201701301141,148.49,148.49,148.4,148.4,800
ROK,201701301142,148.52,148.52,148.46,148.52,1700
ROK,201701301143,148.5,148.59,148.42,148.42,5393
ROK,201701301144,148.45,148.52,148.45,148.52,600
ROK,201701301145,148.56,148.62,148.49,148.49,4585
ROK,201701301146,148.52,148.52,148.45,148.47,2200
ROK,201701301147,148.47,148.53,148.47,148.49,3400
ROK,201701301149,148.54,148.61,148.46,148.49,9305
ROK,201701301150,148.5,148.54,148.49,148.52,3869
ROK,201701301151,148.51,148.52,148.43,148.51,3100
ROK,201701301152,148.48,148.5,148.44,148.44,500
ROK,201701301154,148.46,148.5,148.45,148.5,1175
ROK,201701301155,148.48,148.56,148.48,148.52,10697
ROK,201701301156,148.52,148.52,148.52,148.52,300
ROK,201701301157,148.59,148.61,148.5,148.5,3000
ROK,201701301158,148.6,148.6,148.52,148.52,200
ROK,201701301159,148.51,148.56,148.51,148.52,500
ROK,201701301200,148.55,148.55,148.5,148.52,1900
ROK,201701301201,148.53,148.53,148.46,148.5,1640
ROK,201701301202,148.5,148.5,148.47,148.49,3100
ROK,201701301203,148.5,148.5,148.47,148.5,7100
ROK,201701301204,148.5,148.57,148.47,148.5,4123
ROK,201701301205,148.54,148.56,148.54,148.56,400
ROK,201701301206,148.55,148.65,148.55,148.65,1500
ROK,201701301207,148.66,148.7,148.66,148.7,300
ROK,201701301208,148.67,148.7,148.66,148.7,5331
ROK,201701301209,148.7,148.77,148.67,148.77,5848
ROK,201701301210,148.78,148.79,148.58,148.61,7627
ROK,201701301211,148.61,148.61,148.53,148.53,1521
ROK,201701301212,148.53,148.63,148.53,148.6,1600
ROK,201701301213,148.65,148.65,148.5,148.58,2900
ROK,201701301214,148.6,148.6,148.5,148.57,1200
ROK,201701301215,148.63,148.67,148.63,148.67,450
ROK,201701301216,148.67,148.74,148.67,148.74,1300
ROK,201701301217,148.73,148.75,148.65,148.68,8094
ROK,201701301218,148.72,148.72,148.69,148.69,200
ROK,201701301219,148.7,148.74,148.7,148.74,525
ROK,201701301220,148.75,148.8,148.7,148.7,1000
ROK,201701301221,148.77,148.79,148.74,148.76,1600
ROK,201701301222,148.78,148.78,148.68,148.68,1800
ROK,201701301223,148.77,148.77,148.77,148.77,100
ROK,201701301224,148.77,148.8,148.73,148.78,4100
ROK,201701301225,148.77,148.79,148.69,148.69,3536
ROK,201701301226,148.7,148.7,148.6,148.65,1225
ROK,201701301227,148.62,148.68,148.62,148.63,568
ROK,201701301228,148.63,148.66,148.63,148.66,200
ROK,201701301229,148.67,148.67,148.52,148.52,3237
ROK,201701301230,148.57,148.57,148.55,148.57,1100
ROK,201701301231,148.56,148.56,148.43,148.43,2500
ROK,201701301232,148.39,148.44,148.35,148.41,2339
ROK,201701301233,148.4,148.4,148.4,148.4,100
ROK,201701301234,148.4,148.5,148.4,148.48,3757
ROK,201701301235,148.51,148.51,148.48,148.48,640
ROK,201701301237,148.53,148.53,148.49,148.52,2500
ROK,201701301238,148.54,148.56,148.52,148.56,900
ROK,201701301239,148.59,148.69,148.59,148.67,1500
ROK,201701301240,148.69,148.69,148.65,148.68,1000
ROK,201701301241,148.69,148.69,148.56,148.6,2647
ROK,201701301242,148.53,148.58,148.53,148.58,1722
ROK,201701301243,148.65,148.67,148.65,148.67,800
ROK,201701301244,148.68,148.73,148.66,148.73,1500
ROK,201701301245,148.77,148.77,148.74,148.74,381
ROK,201701301246,148.7,148.77,148.7,148.77,2100
ROK,201701301247,148.77,148.8,148.77,148.79,300
ROK,201701301248,148.78,148.78,148.68,148.68,900
ROK,201701301249,148.79,148.79,148.79,148.79,100
ROK,201701301250,148.8,148.8,148.74,148.8,400
ROK,201701301251,148.81,148.85,148.79,148.79,2696
ROK,201701301252,148.75,148.77,148.69,148.69,999
ROK,201701301253,148.69,148.69,148.61,148.61,887
ROK,201701301254,148.62,148.71,148.62,148.71,400
ROK,201701301255,148.63,148.63,148.63,148.63,100
ROK,201701301256,148.68,148.72,148.63,148.69,900
ROK,201701301257,148.64,148.64,148.64,148.64,100
ROK,201701301258,148.65,148.65,148.55,148.55,2249
ROK,201701301259,148.51,148.62,148.51,148.56,2400
ROK,201701301300,148.62,148.67,148.55,148.66,1500
ROK,201701301301,148.67,148.67,148.63,148.63,808
ROK,201701301302,148.65,148.69,148.64,148.69,1590
ROK,201701301303,148.67,148.67,148.6,148.6,2487
ROK,201701301304,148.63,148.63,148.56,148.57,3367
ROK,201701301305,148.53,148.57,148.51,148.57,5210
ROK,201701301306,148.54,148.7,148.52,148.7,3430
ROK,201701301307,148.74,148.75,148.52,148.59,3828
ROK,201701301308,148.56,148.68,148.56,148.64,1100
ROK,201701301309,148.71,148.72,148.71,148.72,200
ROK,201701301310,148.73,148.73,148.69,148.71,300
ROK,201701301311,148.76,148.79,148.76,148.79,549
ROK,201701301312,148.78,148.81,148.64,148.67,4432
ROK,201701301313,148.64,148.71,148.58,148.58,4994
ROK,201701301314,148.58,148.6,148.52,148.52,2700
ROK,201701301315,148.54,148.56,148.51,148.51,2640
ROK,201701301316,148.51,148.59,148.51,148.59,1200
ROK,201701301317,148.52,148.56,148.47,148.53,1200
ROK,201701301318,148.48,148.56,148.48,148.56,1000
ROK,201701301319,148.54,148.59,148.5,148.57,600
ROK,201701301320,148.55,148.58,148.54,148.58,400
ROK,201701301321,148.6,148.67,148.55,148.58,3700
ROK,201701301322,148.62,148.67,148.62,148.67,300
ROK,201701301323,148.71,148.73,148.65,148.68,2449
ROK,201701301324,148.63,148.68,148.63,148.64,1000
ROK,201701301325,148.68,148.71,148.63,148.67,5672
ROK,201701301326,148.67,148.74,148.67,148.67,2300
ROK,201701301327,148.71,148.76,148.67,148.76,300
ROK,201701301328,148.71,148.78,148.71,148.78,300
ROK,201701301329,148.78,148.82,148.78,148.81,600
ROK,201701301330,148.87,148.97,148.87,148.97,1801
ROK,201701301331,148.88,148.98,148.85,148.89,3778
ROK,201701301332,148.86,148.93,148.85,148.9,800
ROK,201701301333,148.94,148.94,148.93,148.93,250
ROK,201701301334,148.9,148.95,148.85,148.95,4456
ROK,201701301335,148.87,148.93,148.74,148.86,4153
ROK,201701301336,148.8,148.8,148.78,148.78,800
ROK,201701301338,148.77,148.8,148.76,148.76,1300
ROK,201701301339,148.76,148.79,148.71,148.73,1500
ROK,201701301340,148.73,148.76,148.71,148.76,600
ROK,201701301341,148.79,148.87,148.77,148.87,1700
ROK,201701301342,148.9,149,148.89,149,1200
ROK,201701301343,148.99,149.05,148.97,148.98,2435
ROK,201701301344,148.99,148.99,148.94,148.94,1100
ROK,201701301345,148.97,148.99,148.92,148.92,762
ROK,201701301346,148.98,148.98,148.92,148.92,200
ROK,201701301347,148.94,149.01,148.93,148.98,2460
ROK,201701301348,149.03,149.03,148.96,148.97,500
ROK,201701301349,148.98,149.02,148.98,149.02,800
ROK,201701301350,149.02,149.02,148.95,148.95,2795
ROK,201701301351,148.9,148.9,148.87,148.87,1400
ROK,201701301352,148.84,148.84,148.78,148.78,455
ROK,201701301353,148.82,148.84,148.75,148.75,4517
ROK,201701301354,148.81,148.84,148.74,148.81,5814
ROK,201701301355,148.84,148.84,148.75,148.78,5051
ROK,201701301356,148.79,148.84,148.79,148.83,1400
ROK,201701301357,148.85,148.85,148.8,148.8,2201
ROK,201701301358,148.81,148.85,148.81,148.82,3894
ROK,201701301359,148.82,148.86,148.76,148.86,3600
ROK,201701301400,148.92,148.94,148.88,148.89,2051
ROK,201701301401,148.87,148.87,148.86,148.86,203
ROK,201701301402,148.83,148.9,148.8,148.82,11472
ROK,201701301403,148.8,148.8,148.8,148.8,800
ROK,201701301404,148.85,148.85,148.77,148.82,5091
ROK,201701301406,148.8,148.8,148.76,148.76,1200
ROK,201701301407,148.75,148.82,148.73,148.8,2705
ROK,201701301408,148.8,148.87,148.79,148.82,3304
ROK,201701301409,148.81,148.81,148.81,148.81,500
ROK,201701301410,148.82,148.82,148.74,148.79,3451
ROK,201701301411,148.83,148.85,148.8,148.81,1359
ROK,201701301412,148.84,148.84,148.74,148.74,1710
ROK,201701301413,148.74,148.75,148.7,148.7,1547
ROK,201701301414,148.71,148.92,148.71,148.92,5201
ROK,201701301415,148.92,149,148.86,148.86,7336
ROK,201701301416,148.96,148.99,148.94,148.99,7252
ROK,201701301417,148.95,148.98,148.95,148.96,9996
ROK,201701301418,148.99,149.06,148.98,149.06,1030
ROK,201701301419,149.06,149.06,148.97,149.02,5691
ROK,201701301420,149.04,149.12,149.04,149.12,1226
ROK,201701301421,149.1,149.11,149.01,149.1,10300
ROK,201701301422,149.04,149.17,149.02,149.17,5928
ROK,201701301423,149.22,149.25,149.19,149.25,2910
ROK,201701301424,149.3,149.3,149.21,149.22,4125
ROK,201701301425,149.2,149.31,149.2,149.27,8950
ROK,201701301426,149.31,149.36,149.25,149.36,7071
ROK,201701301427,149.4,149.49,149.4,149.48,2403
ROK,201701301428,149.45,149.51,149.43,149.46,1019
ROK,201701301429,149.5,149.52,149.43,149.47,9627
ROK,201701301430,149.5,149.55,149.48,149.55,6552
ROK,201701301431,149.54,149.64,149.54,149.64,1100
ROK,201701301432,149.6,149.74,149.6,149.74,1300
ROK,201701301433,149.73,149.78,149.66,149.66,15820
ROK,201701301434,149.67,149.7,149.66,149.68,2000
ROK,201701301435,149.73,149.74,149.58,149.6,3930
ROK,201701301436,149.61,149.67,149.58,149.67,1932
ROK,201701301437,149.7,149.73,149.63,149.63,2400
ROK,201701301438,149.63,149.71,149.63,149.71,780
ROK,201701301439,149.73,149.74,149.66,149.66,4900
ROK,201701301440,149.7,149.75,149.55,149.55,6136
ROK,201701301442,149.58,149.58,149.44,149.46,2051
ROK,201701301443,149.48,149.49,149.48,149.48,400
ROK,201701301444,149.52,149.64,149.48,149.64,7963
ROK,201701301445,149.64,149.69,149.61,149.64,1100
ROK,201701301446,149.67,149.7,149.64,149.64,1928
ROK,201701301447,149.67,149.69,149.67,149.69,600
ROK,201701301448,149.68,149.71,149.65,149.71,2251
ROK,201701301449,149.66,149.66,149.61,149.64,2461
ROK,201701301450,149.65,149.71,149.63,149.68,4080
ROK,201701301451,149.67,149.71,149.65,149.71,1800
ROK,201701301452,149.73,149.77,149.7,149.73,3100
ROK,201701301453,149.73,149.78,149.62,149.77,14714
ROK,201701301454,149.71,149.77,149.67,149.68,1000
ROK,201701301455,149.73,149.73,149.67,149.71,900
ROK,201701301456,149.71,149.73,149.67,149.73,6200
ROK,201701301457,149.75,149.78,149.7,149.77,4354
ROK,201701301458,149.71,149.74,149.71,149.72,2400
ROK,201701301459,149.72,149.77,149.71,149.71,2749
ROK,201701301500,149.75,149.78,149.68,149.71,4364
ROK,201701301501,149.69,149.71,149.63,149.65,1700
ROK,201701301502,149.63,149.66,149.62,149.63,2502
ROK,201701301503,149.65,149.66,149.56,149.62,4187
ROK,201701301504,149.6,149.6,149.47,149.52,9531
ROK,201701301505,149.5,149.59,149.5,149.58,4502
ROK,201701301506,149.59,149.59,149.54,149.54,700
ROK,201701301507,149.52,149.52,149.43,149.43,2995
ROK,201701301508,149.45,149.56,149.44,149.54,4104
ROK,201701301509,149.51,149.55,149.47,149.49,400
ROK,201701301510,149.51,149.57,149.49,149.52,2800
ROK,201701301511,149.54,149.59,149.51,149.51,1175
ROK,201701301512,149.55,149.6,149.53,149.57,10163
ROK,201701301513,149.57,149.59,149.57,149.59,2690
ROK,201701301514,149.6,149.6,149.57,149.59,600
ROK,201701301515,149.61,149.61,149.57,149.57,2968
ROK,201701301516,149.58,149.58,149.51,149.52,2400
ROK,201701301517,149.53,149.53,149.5,149.5,5953
ROK,201701301518,149.53,149.54,149.51,149.51,1100
ROK,201701301519,149.51,149.57,149.51,149.56,1200
ROK,201701301520,149.6,149.62,149.57,149.62,2000
ROK,201701301521,149.57,149.6,149.57,149.6,300
ROK,201701301522,149.59,149.59,149.55,149.55,1100
ROK,201701301523,149.55,149.59,149.53,149.55,2500
ROK,201701301524,149.55,149.57,149.55,149.57,600
ROK,201701301525,149.57,149.58,149.56,149.58,2433
ROK,201701301526,149.57,149.57,149.57,149.57,100
ROK,201701301527,149.58,149.6,149.57,149.58,2872
ROK,201701301528,149.59,149.61,149.59,149.6,3811
ROK,201701301529,149.59,149.61,149.59,149.61,2700
ROK,201701301530,149.6,149.65,149.6,149.64,4100
ROK,201701301531,149.64,149.65,149.59,149.59,12754
ROK,201701301532,149.6,149.62,149.53,149.56,12997
ROK,201701301533,149.56,149.57,149.54,149.57,2381
ROK,201701301534,149.57,149.62,149.56,149.59,7200
ROK,201701301535,149.59,149.6,149.57,149.6,3998
ROK,201701301536,149.6,149.62,149.57,149.57,6502
ROK,201701301537,149.57,149.59,149.55,149.59,5500
ROK,201701301538,149.57,149.61,149.57,149.59,6228
ROK,201701301539,149.6,149.6,149.55,149.6,4406
ROK,201701301540,149.54,149.54,149.48,149.48,5807
ROK,201701301541,149.48,149.48,149.43,149.45,9406
ROK,201701301542,149.46,149.48,149.45,149.45,4900
ROK,201701301543,149.45,149.46,149.45,149.46,4414
ROK,201701301544,149.46,149.49,149.45,149.46,7136
ROK,201701301545,149.46,149.49,149.45,149.48,11481
ROK,201701301546,149.48,149.49,149.41,149.43,13879
ROK,201701301547,149.44,149.53,149.43,149.48,12982
ROK,201701301548,149.51,149.51,149.37,149.4,13128
ROK,201701301549,149.41,149.44,149.39,149.44,6695
ROK,201701301550,149.44,149.53,149.44,149.5,13625
ROK,201701301551,149.51,149.52,149.47,149.51,10009
ROK,201701301552,149.51,149.56,149.51,149.54,4641
ROK,201701301553,149.52,149.55,149.5,149.52,14117
ROK,201701301554,149.51,149.51,149.44,149.51,8064
ROK,201701301555,149.45,149.54,149.44,149.47,51415
ROK,201701301556,149.46,149.48,149.44,149.45,51298
ROK,201701301557,149.45,149.58,149.45,149.52,30652
ROK,201701301558,149.52,149.54,149.5,149.52,27406
ROK,201701301559,149.53,149.57,149.21,149.22,85500
ROK,201701301603,149.31,149.31,149.31,149.31,56041
