<ticker>,<date>,<open>,<high>,<low>,<close>,<vol>
STT,201612130930,80.66,80.66,80.41,80.61,16036
STT,201612130931,80.47,80.47,80.47,80.47,100
STT,201612130933,80.59,80.62,80.51,80.53,1920
STT,201612130934,80.49,80.57,80.49,80.57,1310
STT,201612130935,80.63,80.63,80.48,80.62,1830
STT,201612130936,80.54,80.61,80.51,80.53,3773
STT,201612130937,80.51,80.7,80.51,80.58,3490
STT,201612130938,80.5,80.65,80.49,80.65,1095
STT,201612130939,80.58,80.63,80.58,80.58,520
STT,201612130940,80.66,80.85,80.64,80.85,3190
STT,201612130941,80.88,80.93,80.73,80.79,3755
STT,201612130942,80.73,80.85,80.73,80.83,2889
STT,201612130943,80.8,80.89,80.72,80.87,3000
STT,201612130944,80.87,80.87,80.69,80.74,3875
STT,201612130945,80.74,80.76,80.62,80.62,1593
STT,201612130946,80.63,80.63,80.43,80.45,6365
STT,201612130947,80.48,80.54,80.36,80.42,4971
STT,201612130948,80.38,80.39,80.31,80.31,3200
STT,201612130949,80.31,80.36,80.27,80.32,1500
STT,201612130950,80.35,80.39,80.27,80.27,3300
STT,201612130951,80.26,80.37,80.26,80.37,2200
STT,201612130952,80.39,80.44,80.31,80.31,1294
STT,201612130953,80.29,80.29,80.22,80.23,450
STT,201612130954,80.17,80.22,80.16,80.22,2000
STT,201612130955,80.22,80.27,80.13,80.18,9800
STT,201612130956,80.21,80.27,80.2,80.22,6777
STT,201612130957,80.25,80.25,80.2,80.25,900
STT,201612130958,80.21,80.23,80.2,80.2,850
STT,201612130959,80.16,80.16,80.09,80.16,2089
STT,201612131000,80.17,80.18,80.12,80.12,5150
STT,201612131001,80.15,80.26,80.15,80.25,5375
STT,201612131002,80.27,80.31,80.25,80.29,2470
STT,201612131003,80.29,80.29,80.25,80.28,2400
STT,201612131004,80.3,80.3,80.17,80.17,1276
STT,201612131005,80.16,80.27,80.16,80.19,2260
STT,201612131006,80.21,80.24,80.16,80.22,3684
STT,201612131007,80.21,80.21,80.13,80.14,2546
STT,201612131008,80.16,80.16,80.12,80.12,1100
STT,201612131009,80.15,80.2,80.15,80.18,1052
STT,201612131010,80.18,80.25,80.18,80.22,1501
STT,201612131011,80.24,80.27,80.2,80.2,1333
STT,201612131012,80.2,80.31,80.2,80.31,1500
STT,201612131013,80.32,80.32,80.27,80.29,1100
STT,201612131014,80.26,80.26,80.23,80.25,900
STT,201612131015,80.25,80.33,80.25,80.27,2142
STT,201612131016,80.28,80.3,80.27,80.29,807
STT,201612131017,80.32,80.35,80.23,80.23,2649
STT,201612131018,80.21,80.25,80.21,80.25,1200
STT,201612131019,80.26,80.27,80.25,80.25,1000
STT,201612131020,80.24,80.28,80.24,80.28,500
STT,201612131021,80.26,80.35,80.26,80.35,1710
STT,201612131022,80.33,80.33,80.2,80.23,3692
STT,201612131023,80.26,80.26,80.23,80.23,1600
STT,201612131024,80.21,80.26,80.2,80.24,1274
STT,201612131025,80.26,80.27,80.24,80.27,873
STT,201612131026,80.24,80.25,80.22,80.22,1880
STT,201612131027,80.23,80.25,80.23,80.24,1200
STT,201612131028,80.27,80.27,80.22,80.23,700
STT,201612131029,80.25,80.25,80.19,80.19,966
STT,201612131030,80.18,80.2,80.16,80.19,3505
STT,201612131031,80.19,80.19,80.1,80.14,1800
STT,201612131032,80.1,80.1,79.94,80.01,3706
STT,201612131033,80.03,80.03,79.9,79.91,1701
STT,201612131034,79.9,79.94,79.87,79.94,653
STT,201612131035,79.96,79.97,79.91,79.92,7944
STT,201612131036,79.9,79.9,79.9,79.9,100
STT,201612131037,79.86,79.88,79.85,79.88,1300
STT,201612131038,79.86,79.95,79.85,79.95,2000
STT,201612131039,79.93,79.96,79.88,79.89,2800
STT,201612131040,79.89,79.94,79.88,79.9,3000
STT,201612131041,79.88,79.92,79.87,79.89,3713
STT,201612131042,79.89,79.94,79.88,79.89,2230
STT,201612131043,79.9,80.02,79.9,79.97,2777
STT,201612131044,79.94,79.96,79.94,79.95,1200
STT,201612131045,79.92,79.94,79.88,79.94,3003
STT,201612131046,79.92,79.94,79.9,79.9,1700
STT,201612131047,79.9,79.9,79.81,79.83,3156
STT,201612131048,79.85,79.86,79.78,79.78,512
STT,201612131049,79.8,79.81,79.78,79.8,1400
STT,201612131050,79.79,79.79,79.72,79.76,1701
STT,201612131051,79.76,79.8,79.76,79.8,400
STT,201612131052,79.78,79.79,79.76,79.79,1200
STT,201612131053,79.76,79.83,79.74,79.83,1550
STT,201612131054,79.85,79.91,79.85,79.89,2100
STT,201612131055,79.91,79.91,79.89,79.89,801
STT,201612131056,79.89,79.94,79.89,79.94,2180
STT,201612131057,79.96,79.96,79.91,79.93,2400
STT,201612131058,79.94,79.94,79.93,79.93,700
STT,201612131059,79.93,79.97,79.93,79.97,600
STT,201612131100,79.97,79.97,79.9,79.91,3000
STT,201612131101,79.93,79.94,79.89,79.89,2080
STT,201612131102,79.9,79.92,79.88,79.91,2800
STT,201612131103,79.89,79.91,79.88,79.9,1945
STT,201612131104,79.9,79.91,79.87,79.91,1500
STT,201612131105,79.9,79.91,79.9,79.9,3601
STT,201612131106,79.89,79.97,79.89,79.97,3752
STT,201612131107,79.96,79.96,79.93,79.94,1200
STT,201612131108,79.91,79.92,79.89,79.92,1900
STT,201612131109,79.92,79.93,79.89,79.89,1730
STT,201612131110,79.89,79.9,79.88,79.88,1614
STT,201612131111,79.89,79.95,79.89,79.93,5940
STT,201612131112,79.95,79.95,79.92,79.92,3767
STT,201612131113,79.91,79.91,79.85,79.86,1966
STT,201612131114,79.87,79.92,79.87,79.92,1689
STT,201612131115,79.94,79.94,79.94,79.94,400
STT,201612131116,79.92,79.92,79.88,79.9,2422
STT,201612131117,79.9,79.93,79.9,79.92,3438
STT,201612131118,79.93,79.96,79.93,79.96,2351
STT,201612131119,79.96,79.96,79.93,79.96,2600
STT,201612131120,79.98,80.05,79.98,80.05,3986
STT,201612131121,80.04,80.07,80,80.01,10340
STT,201612131122,80.03,80.09,80.01,80.09,3500
STT,201612131123,80.1,80.13,80.08,80.1,4900
STT,201612131124,80.1,80.1,80.03,80.03,600
STT,201612131125,80.03,80.09,80.01,80.08,7603
STT,201612131126,80.05,80.05,80,80.03,1650
STT,201612131127,80.02,80.08,80.02,80.07,710
STT,201612131128,80.07,80.07,80.05,80.05,1000
STT,201612131129,80.02,80.02,79.9,79.9,6300
STT,201612131130,79.9,79.9,79.84,79.85,8195
STT,201612131131,79.85,79.85,79.83,79.83,1300
STT,201612131132,79.82,79.82,79.75,79.75,2040
STT,201612131133,79.71,79.71,79.64,79.64,4535
STT,201612131134,79.64,79.66,79.62,79.62,2600
STT,201612131135,79.64,79.65,79.6,79.6,2840
STT,201612131136,79.6,79.63,79.58,79.63,3975
STT,201612131137,79.63,79.65,79.61,79.62,2000
STT,201612131138,79.6,79.6,79.56,79.56,1000
STT,201612131139,79.55,79.58,79.53,79.56,3100
STT,201612131140,79.58,79.61,79.58,79.61,421
STT,201612131141,79.63,79.67,79.62,79.62,1400
STT,201612131142,79.67,79.67,79.63,79.63,3268
STT,201612131143,79.61,79.61,79.61,79.61,200
STT,201612131144,79.61,79.62,79.6,79.61,2400
STT,201612131145,79.6,79.63,79.59,79.6,3493
STT,201612131146,79.59,79.6,79.58,79.58,1300
STT,201612131147,79.6,79.6,79.59,79.6,1000
STT,201612131148,79.61,79.62,79.58,79.58,1000
STT,201612131149,79.6,79.66,79.6,79.66,2368
STT,201612131150,79.66,79.76,79.66,79.74,1300
STT,201612131151,79.73,79.74,79.72,79.74,2840
STT,201612131152,79.73,79.75,79.73,79.75,900
STT,201612131153,79.77,79.77,79.7,79.77,3000
STT,201612131154,79.76,79.76,79.76,79.76,400
STT,201612131155,79.75,79.75,79.72,79.72,1561
STT,201612131156,79.72,79.73,79.67,79.68,3970
STT,201612131157,79.68,79.69,79.67,79.69,1000
STT,201612131158,79.68,79.72,79.68,79.72,1300
STT,201612131159,79.76,79.77,79.69,79.71,16288
STT,201612131200,79.7,79.72,79.67,79.69,7170
STT,201612131201,79.68,79.71,79.68,79.71,4100
STT,201612131202,79.7,79.71,79.68,79.69,9399
STT,201612131203,79.7,79.71,79.68,79.68,18444
STT,201612131204,79.68,79.7,79.64,79.69,7774
STT,201612131205,79.68,79.7,79.68,79.7,2100
STT,201612131206,79.7,79.7,79.69,79.69,2945
STT,201612131207,79.69,79.7,79.65,79.67,7718
STT,201612131208,79.66,79.66,79.66,79.66,400
STT,201612131209,79.69,79.69,79.69,79.69,400
STT,201612131210,79.69,79.69,79.64,79.66,9525
STT,201612131211,79.66,79.68,79.65,79.68,6325
STT,201612131212,79.68,79.68,79.66,79.68,8517
STT,201612131213,79.67,79.68,79.65,79.67,4300
STT,201612131214,79.68,79.69,79.65,79.68,5900
STT,201612131215,79.68,79.7,79.67,79.68,38891
STT,201612131216,79.68,79.72,79.65,79.69,28865
STT,201612131217,79.7,79.71,79.69,79.71,4100
STT,201612131218,79.78,79.79,79.75,79.75,1400
STT,201612131219,79.77,79.77,79.74,79.76,900
STT,201612131220,79.77,79.88,79.77,79.88,6807
STT,201612131221,79.87,79.87,79.84,79.84,2076
STT,201612131222,79.87,79.91,79.87,79.91,2898
STT,201612131223,79.9,79.9,79.88,79.9,400
STT,201612131224,79.88,79.89,79.87,79.88,1500
STT,201612131225,79.87,79.89,79.87,79.89,1417
STT,201612131226,79.87,79.9,79.83,79.84,3300
STT,201612131227,79.88,79.88,79.81,79.83,3245
STT,201612131228,79.81,79.85,79.8,79.83,4000
STT,201612131229,79.83,79.86,79.82,79.83,2400
STT,201612131230,79.84,79.86,79.8,79.81,2900
STT,201612131231,79.83,79.85,79.8,79.82,1899
STT,201612131232,79.85,79.86,79.82,79.84,1361
STT,201612131233,79.84,79.87,79.83,79.84,1200
STT,201612131234,79.85,79.89,79.84,79.89,1800
STT,201612131235,79.9,79.92,79.9,79.92,2700
STT,201612131236,79.92,79.92,79.88,79.89,2003
STT,201612131237,79.88,79.92,79.88,79.9,2474
STT,201612131238,79.91,79.98,79.9,79.96,1600
STT,201612131239,79.98,80.18,79.98,80.16,17076
STT,201612131240,80.15,80.21,80.15,80.19,6704
STT,201612131241,80.19,80.2,80.18,80.2,1907
STT,201612131242,80.2,80.28,80.15,80.15,15862
STT,201612131243,80.17,80.22,80.15,80.2,2852
STT,201612131244,80.23,80.25,80.14,80.14,2800
STT,201612131245,80.14,80.14,80.08,80.08,1300
STT,201612131246,80.05,80.12,80.05,80.12,2800
STT,201612131247,80.13,80.17,80.13,80.14,1600
STT,201612131248,80.13,80.16,80.06,80.09,3390
STT,201612131249,80.06,80.06,80.04,80.04,200
STT,201612131250,80.12,80.13,80.09,80.12,800
STT,201612131251,80.13,80.2,80.11,80.16,2922
STT,201612131252,80.16,80.19,80.14,80.16,999
STT,201612131253,80.17,80.18,80.14,80.15,3000
STT,201612131254,80.15,80.16,80.12,80.16,600
STT,201612131255,80.15,80.2,80.14,80.19,1300
STT,201612131256,80.21,80.23,80.19,80.21,1800
STT,201612131257,80.21,80.21,80.19,80.2,500
STT,201612131258,80.25,80.26,80.24,80.25,14197
STT,201612131259,80.27,80.3,80.26,80.28,3559
STT,201612131300,80.26,80.26,80.22,80.23,2700
STT,201612131301,80.24,80.25,80.22,80.24,1800
STT,201612131302,80.24,80.25,80.24,80.25,900
STT,201612131303,80.26,80.29,80.25,80.28,2000
STT,201612131304,80.27,80.27,80.21,80.23,1300
STT,201612131305,80.24,80.26,80.23,80.25,1500
STT,201612131306,80.26,80.28,80.25,80.25,1101
STT,201612131307,80.25,80.27,80.23,80.26,1800
STT,201612131308,80.28,80.29,80.26,80.26,2259
STT,201612131309,80.25,80.25,80.21,80.22,1217
STT,201612131311,80.25,80.28,80.22,80.25,2220
STT,201612131312,80.27,80.27,80.25,80.26,600
STT,201612131313,80.25,80.25,80.18,80.18,4002
STT,201612131314,80.2,80.2,80.19,80.2,1100
STT,201612131315,80.22,80.22,80.19,80.19,1300
STT,201612131316,80.18,80.23,80.18,80.23,1489
STT,201612131317,80.24,80.27,80.21,80.27,1500
STT,201612131318,80.3,80.3,80.27,80.27,400
STT,201612131319,80.29,80.33,80.29,80.31,700
STT,201612131320,80.31,80.35,80.3,80.32,2400
STT,201612131321,80.34,80.34,80.34,80.34,1200
STT,201612131322,80.35,80.36,80.33,80.33,982
STT,201612131323,80.31,80.31,80.28,80.28,700
STT,201612131324,80.29,80.3,80.29,80.3,300
STT,201612131325,80.3,80.31,80.29,80.29,1499
STT,201612131326,80.32,80.32,80.26,80.3,13553
STT,201612131327,80.3,80.33,80.29,80.33,2526
STT,201612131328,80.31,80.33,80.31,80.33,700
STT,201612131329,80.34,80.34,80.34,80.34,400
STT,201612131330,80.38,80.38,80.34,80.34,1100
STT,201612131331,80.31,80.31,80.3,80.3,200
STT,201612131332,80.3,80.3,80.28,80.28,1500
STT,201612131333,80.27,80.27,80.26,80.27,500
STT,201612131334,80.26,80.28,80.25,80.26,2500
STT,201612131335,80.29,80.29,80.27,80.29,800
STT,201612131336,80.3,80.31,80.28,80.29,2400
STT,201612131337,80.29,80.29,80.27,80.28,3100
STT,201612131338,80.29,80.29,80.22,80.23,1300
STT,201612131339,80.24,80.24,80.24,80.24,100
STT,201612131340,80.22,80.24,80.22,80.24,600
STT,201612131341,80.25,80.28,80.25,80.28,600
STT,201612131342,80.28,80.29,80.27,80.28,1300
STT,201612131344,80.27,80.27,80.24,80.24,500
STT,201612131345,80.23,80.23,80.22,80.22,200
STT,201612131346,80.22,80.23,80.17,80.2,1000
STT,201612131347,80.19,80.27,80.19,80.27,2151
STT,201612131348,80.28,80.28,80.2,80.21,900
STT,201612131349,80.19,80.19,80.19,80.19,400
STT,201612131350,80.17,80.17,80.14,80.15,3229
STT,201612131351,80.17,80.17,80.17,80.17,200
STT,201612131352,80.16,80.17,80.14,80.17,690
STT,201612131353,80.14,80.18,80.14,80.18,1374
STT,201612131354,80.18,80.21,80.18,80.19,600
STT,201612131355,80.2,80.24,80.2,80.24,1600
STT,201612131356,80.24,80.24,80.22,80.22,800
STT,201612131357,80.23,80.27,80.23,80.27,2405
STT,201612131358,80.28,80.3,80.28,80.3,850
STT,201612131359,80.28,80.29,80.28,80.29,400
STT,201612131400,80.31,80.32,80.28,80.29,2800
STT,201612131401,80.29,80.29,80.26,80.27,2600
STT,201612131402,80.27,80.27,80.23,80.23,2600
STT,201612131403,80.23,80.24,80.22,80.22,600
STT,201612131404,80.23,80.26,80.21,80.23,5443
STT,201612131405,80.22,80.22,80.19,80.19,2111
STT,201612131406,80.2,80.2,80.15,80.17,2200
STT,201612131407,80.17,80.17,80.14,80.14,1057
STT,201612131408,80.14,80.14,80.08,80.13,1333
STT,201612131409,80.1,80.12,80.08,80.08,700
STT,201612131410,80.08,80.08,80.07,80.07,205
STT,201612131411,80.09,80.1,80.07,80.08,2380
STT,201612131412,80.06,80.06,80.06,80.06,100
STT,201612131413,80.08,80.09,80.06,80.07,3016
STT,201612131414,80.08,80.09,80.07,80.09,600
STT,201612131415,80.08,80.11,80.08,80.11,500
STT,201612131416,80.12,80.16,80.12,80.16,1100
STT,201612131417,80.15,80.16,80.05,80.09,7486
STT,201612131418,80.07,80.11,80.04,80.11,1655
STT,201612131419,80.09,80.14,80.09,80.12,2871
STT,201612131420,80.11,80.12,80.11,80.12,600
STT,201612131421,80.12,80.14,80.11,80.14,1000
STT,201612131422,80.18,80.18,80.18,80.18,300
STT,201612131423,80.18,80.19,80.09,80.1,5886
STT,201612131424,80.11,80.13,80.11,80.13,1959
STT,201612131425,80.13,80.15,80.12,80.12,622
STT,201612131426,80.12,80.14,80.12,80.13,1532
STT,201612131427,80.11,80.12,80.1,80.1,1853
STT,201612131428,80.1,80.1,80.1,80.1,200
STT,201612131429,80.09,80.09,80.09,80.09,100
STT,201612131430,80.05,80.09,80.05,80.09,700
STT,201612131431,80.11,80.13,80.11,80.13,2158
STT,201612131432,80.13,80.13,80.1,80.11,1940
STT,201612131433,80.1,80.13,80.08,80.13,1300
STT,201612131434,80.12,80.14,80.12,80.14,300
STT,201612131435,80.15,80.16,80.13,80.14,1956
STT,201612131436,80.13,80.13,80.04,80.08,3500
STT,201612131437,80.07,80.1,80.07,80.1,2903
STT,201612131438,80.09,80.13,80.09,80.12,2726
STT,201612131439,80.12,80.16,80.12,80.16,1162
STT,201612131440,80.18,80.18,80.08,80.09,2233
STT,201612131441,80.1,80.14,80.1,80.13,1837
STT,201612131442,80.14,80.14,80.13,80.13,800
STT,201612131443,80.15,80.19,80.15,80.16,1900
STT,201612131444,80.15,80.18,80.15,80.16,800
STT,201612131445,80.16,80.18,80.16,80.18,700
STT,201612131446,80.17,80.17,80.15,80.16,1600
STT,201612131447,80.16,80.17,80.16,80.16,610
STT,201612131448,80.17,80.18,80.15,80.15,1700
STT,201612131449,80.15,80.17,80.09,80.12,4222
STT,201612131450,80.12,80.19,80.12,80.17,2993
STT,201612131451,80.17,80.17,80.15,80.16,1630
STT,201612131452,80.17,80.22,80.17,80.22,1991
STT,201612131453,80.22,80.24,80.19,80.2,4122
STT,201612131454,80.2,80.22,80.18,80.19,2245
STT,201612131455,80.19,80.2,80.13,80.13,1739
STT,201612131456,80.15,80.17,80.06,80.08,2866
STT,201612131457,80.09,80.09,80.06,80.06,1202
STT,201612131458,80.07,80.07,80.05,80.07,800
STT,201612131459,80.06,80.06,80.03,80.04,700
STT,201612131500,80.01,80.06,80.01,80.06,2900
STT,201612131501,80.09,80.09,80.05,80.05,1700
STT,201612131502,80.04,80.05,80.04,80.05,900
STT,201612131503,80.06,80.06,80.03,80.04,1100
STT,201612131504,80.03,80.05,80.02,80.05,1600
STT,201612131505,80.04,80.05,80.02,80.05,1300
STT,201612131506,80.04,80.07,80.02,80.07,2045
STT,201612131507,80.06,80.06,80.04,80.04,1813
STT,201612131508,80.05,80.09,80.05,80.06,4175
STT,201612131509,80.06,80.08,80.06,80.06,1300
STT,201612131510,80.08,80.08,80.08,80.08,400
STT,201612131511,80.08,80.08,80.07,80.07,1362
STT,201612131512,80.07,80.11,80.07,80.1,2198
STT,201612131513,80.1,80.1,80.07,80.07,2100
STT,201612131514,80.07,80.07,80.03,80.04,3400
STT,201612131515,80.04,80.08,80.04,80.06,3416
STT,201612131516,80.06,80.11,80.06,80.09,3359
STT,201612131517,80.08,80.11,80.08,80.1,4838
STT,201612131518,80.12,80.15,80.11,80.14,800
STT,201612131519,80.15,80.15,80.13,80.13,2150
STT,201612131520,80.13,80.17,80.13,80.17,1530
STT,201612131521,80.17,80.19,80.14,80.14,4245
STT,201612131522,80.14,80.16,80.13,80.15,1501
STT,201612131523,80.15,80.15,80.1,80.1,2600
STT,201612131524,80.11,80.12,80.1,80.11,1500
STT,201612131525,80.11,80.16,80.11,80.16,1500
STT,201612131526,80.17,80.18,80.17,80.17,1800
STT,201612131527,80.18,80.19,80.17,80.19,2411
STT,201612131528,80.17,80.19,80.15,80.17,4242
STT,201612131529,80.17,80.17,80.15,80.16,1527
STT,201612131530,80.17,80.18,80.16,80.17,17875
STT,201612131531,80.17,80.18,80.15,80.15,3000
STT,201612131532,80.16,80.17,80.15,80.15,4615
STT,201612131533,80.15,80.16,80.15,80.15,3600
STT,201612131534,80.16,80.16,80.12,80.14,4220
STT,201612131535,80.16,80.16,80.13,80.14,3968
STT,201612131536,80.15,80.15,80.13,80.15,2953
STT,201612131537,80.16,80.16,80.16,80.16,1000
STT,201612131538,80.17,80.19,80.15,80.15,3500
STT,201612131539,80.15,80.15,80.13,80.13,1000
STT,201612131540,80.12,80.15,80.11,80.14,2728
STT,201612131541,80.15,80.15,80.13,80.13,1500
STT,201612131542,80.12,80.17,80.12,80.17,1220
STT,201612131543,80.17,80.22,80.15,80.19,11484
STT,201612131544,80.18,80.18,80.16,80.16,2870
STT,201612131545,80.16,80.17,80.14,80.16,5094
STT,201612131546,80.16,80.16,80.09,80.13,7186
STT,201612131547,80.13,80.13,80.09,80.12,3398
STT,201612131548,80.12,80.12,80.11,80.12,1600
STT,201612131549,80.11,80.12,80.09,80.09,5065
STT,201612131550,80.09,80.11,80.08,80.11,6198
STT,201612131551,80.11,80.12,80.08,80.1,8895
STT,201612131552,80.1,80.11,80.06,80.06,8276
STT,201612131553,80.07,80.07,80.05,80.07,6208
STT,201612131554,80.07,80.11,80.06,80.1,9174
STT,201612131555,80.11,80.13,80.1,80.1,19661
STT,201612131556,80.1,80.11,80.1,80.1,900
STT,201612131557,80.09,80.11,80.08,80.09,19092
STT,201612131558,80.11,80.11,80.07,80.1,17001
STT,201612131559,80.1,80.1,80.03,80.07,33142
STT,201612131600,80.05,80.05,80.05,80.05,100
STT,201612131603,80.06,80.06,80.06,80.06,179790
STT,201612131634,79.1,79.1,79.1,79.1,60215
