<ticker>,<date>,<open>,<high>,<low>,<close>,<vol>
TM,201701050930,121.19,121.19,121.19,121.19,2453
TM,201701050931,121.13,121.13,121.13,121.13,100
TM,201701050935,121.17,121.2,121.17,121.2,400
TM,201701050936,121.16,121.16,121.16,121.16,128
TM,201701050940,121.14,121.16,121.14,121.16,600
TM,201701050941,121.25,121.27,121.25,121.27,214
TM,201701050942,121.28,121.28,121.28,121.28,100
TM,201701050943,121.18,121.28,121.18,121.28,200
TM,201701050945,121.29,121.29,121.29,121.29,100
TM,201701050950,121.28,121.31,121.28,121.3,1980
TM,201701050953,121.29,121.29,121.26,121.28,700
TM,201701050956,121.3,121.32,121.28,121.32,500
TM,201701050957,121.28,121.28,121.23,121.23,400
TM,201701050958,121.21,121.21,121.21,121.21,100
TM,201701050959,121.22,121.22,121.18,121.2,3501
TM,201701051000,121.22,121.22,121.22,121.22,600
TM,201701051001,121.21,121.21,121.21,121.21,200
TM,201701051002,121.21,121.21,121.2,121.2,400
TM,201701051003,121.19,121.19,121.19,121.19,200
TM,201701051005,121.14,121.14,121.14,121.14,100
TM,201701051010,121.26,121.27,121.26,121.26,800
TM,201701051012,121.28,121.28,121.28,121.28,100
TM,201701051016,121.3,121.3,121.29,121.29,600
TM,201701051017,121.3,121.3,121.21,121.22,1060
TM,201701051022,121.22,121.26,121.22,121.26,400
TM,201701051024,121.26,121.26,121.26,121.26,100
TM,201701051025,121.22,121.25,121.22,121.25,500
TM,201701051027,121.29,121.3,121.29,121.3,200
TM,201701051028,121.27,121.3,121.27,121.3,2700
TM,201701051029,121.29,121.29,121.29,121.29,100
TM,201701051030,121.3,121.36,121.25,121.25,5700
TM,201701051031,121.2,121.21,121.2,121.21,400
TM,201701051032,121.17,121.21,121.17,121.21,200
TM,201701051035,121.16,121.16,121.16,121.16,100
TM,201701051036,121.2,121.23,121.2,121.23,200
TM,201701051037,121.22,121.22,121.21,121.21,400
TM,201701051038,121.16,121.16,121.15,121.16,657
TM,201701051040,121.15,121.15,121.14,121.14,400
TM,201701051042,121.14,121.15,121.14,121.15,200
TM,201701051043,121.14,121.16,121.14,121.14,300
TM,201701051045,121.09,121.09,121.09,121.09,100
TM,201701051046,121.16,121.16,121.16,121.16,700
TM,201701051047,121.16,121.19,121.16,121.18,850
TM,201701051049,121.2,121.25,121.18,121.18,3974
TM,201701051050,121.2,121.2,121.2,121.2,136
TM,201701051051,121.22,121.22,121.22,121.22,400
TM,201701051052,121.24,121.24,121.22,121.22,800
TM,201701051053,121.2,121.2,121.2,121.2,100
TM,201701051056,121.24,121.26,121.24,121.25,1350
TM,201701051057,121.26,121.37,121.26,121.33,3702
TM,201701051058,121.39,121.39,121.39,121.39,200
TM,201701051100,121.37,121.37,121.35,121.35,600
TM,201701051104,121.3,121.3,121.28,121.28,200
TM,201701051105,121.25,121.25,121.25,121.25,100
TM,201701051107,121.18,121.18,121.11,121.11,800
TM,201701051108,121.1,121.1,121.06,121.06,400
TM,201701051110,121.1,121.1,121.09,121.09,400
TM,201701051113,121.05,121.05,121.05,121.05,328
TM,201701051117,121.13,121.13,121.13,121.13,100
TM,201701051119,121.08,121.08,121.08,121.08,1800
TM,201701051120,121.08,121.08,121.08,121.08,124
TM,201701051121,121.07,121.11,121.07,121.11,1521
TM,201701051123,121.07,121.07,121.05,121.05,300
TM,201701051124,121.09,121.09,121.09,121.09,100
TM,201701051125,121.03,121.03,121.02,121.02,200
TM,201701051126,121.08,121.09,121.08,121.09,200
TM,201701051127,121.09,121.09,121.09,121.09,100
TM,201701051130,121.17,121.17,121.1,121.1,200
TM,201701051133,121.1,121.1,121.1,121.1,500
TM,201701051134,121.13,121.15,121.13,121.15,200
TM,201701051135,121.1,121.1,121.1,121.1,100
TM,201701051136,121.1,121.1,121.1,121.1,100
TM,201701051140,121.12,121.15,121.09,121.15,500
TM,201701051141,121.11,121.11,121.11,121.11,373
TM,201701051142,121.08,121.1,121.08,121.1,1417
TM,201701051143,121.05,121.05,121.05,121.05,312
TM,201701051144,121.02,121.05,121.01,121.01,600
TM,201701051147,120.96,120.96,120.96,120.96,293
TM,201701051148,120.99,120.99,120.99,120.99,100
TM,201701051150,120.99,121,120.99,120.99,300
TM,201701051155,121.06,121.06,121.06,121.06,100
TM,201701051158,121.06,121.12,121.06,121.12,205
TM,201701051200,121.06,121.17,121.06,121.17,300
TM,201701051201,121.13,121.13,121.13,121.13,100
TM,201701051202,121.11,121.11,121.11,121.11,200
TM,201701051203,121.14,121.14,121.14,121.14,100
TM,201701051204,121.12,121.12,121.1,121.1,296
TM,201701051205,121.14,121.19,121.13,121.13,2050
TM,201701051210,121.06,121.06,121.06,121.06,100
TM,201701051216,121.12,121.12,121.12,121.12,200
TM,201701051223,121.13,121.13,121.13,121.13,100
TM,201701051224,121.13,121.13,121.13,121.13,200
TM,201701051227,121.14,121.14,121.14,121.14,210
TM,201701051229,121.16,121.16,121.16,121.16,100
TM,201701051230,121.14,121.14,121.14,121.14,477
TM,201701051232,121.09,121.11,121.09,121.11,300
TM,201701051233,121.11,121.12,121.11,121.12,500
TM,201701051236,121.13,121.13,121.13,121.13,387
TM,201701051239,121.13,121.13,121.13,121.13,200
TM,201701051241,121.1,121.1,121.1,121.1,200
TM,201701051245,121.08,121.08,121.07,121.07,474
TM,201701051249,121.06,121.06,121.04,121.04,300
TM,201701051257,121.06,121.06,121.06,121.06,200
TM,201701051259,121.08,121.08,121.08,121.08,100
TM,201701051301,121.08,121.08,121.08,121.08,300
TM,201701051302,121.08,121.08,121.06,121.08,2300
TM,201701051303,121.05,121.05,121.05,121.05,222
TM,201701051306,121.04,121.04,121.04,121.04,200
TM,201701051307,121.09,121.14,121.09,121.11,326
TM,201701051311,121.14,121.14,121.14,121.14,184
TM,201701051312,121.12,121.12,121.12,121.12,100
TM,201701051314,121.12,121.13,120.32,120.37,79892
TM,201701051315,120.45,120.88,120.36,120.71,45400
TM,201701051316,120.86,120.87,120.49,120.66,17576
TM,201701051317,120.68,120.88,120.62,120.62,20892
TM,201701051318,120.65,120.85,120.65,120.7,20182
TM,201701051319,120.73,120.8,120.69,120.73,4200
TM,201701051320,120.78,120.8,120.69,120.71,8574
TM,201701051321,120.79,120.79,120.72,120.72,900
TM,201701051322,120.72,120.75,120.61,120.74,7407
TM,201701051323,120.67,120.73,120.67,120.7,4250
TM,201701051324,120.73,120.74,120.67,120.74,1884
TM,201701051325,120.72,120.72,120.72,120.72,200
TM,201701051326,120.66,120.66,120.63,120.63,1049
TM,201701051327,120.63,120.73,120.62,120.73,900
TM,201701051329,120.65,120.65,120.65,120.65,100
TM,201701051330,120.68,120.68,120.66,120.66,800
TM,201701051331,120.67,120.7,120.67,120.7,5649
TM,201701051332,120.7,120.7,120.68,120.69,934
TM,201701051333,120.69,120.7,120.69,120.7,6543
TM,201701051334,120.7,120.7,120.68,120.69,1500
TM,201701051335,120.7,120.7,120.69,120.69,800
TM,201701051336,120.67,120.67,120.62,120.62,2177
TM,201701051337,120.61,120.65,120.61,120.65,992
TM,201701051338,120.59,120.59,120.52,120.53,1750
TM,201701051340,120.56,120.59,120.54,120.54,2490
TM,201701051341,120.55,120.58,120.55,120.58,440
TM,201701051342,120.52,120.52,120.49,120.52,2300
TM,201701051343,120.56,120.56,120.56,120.56,100
TM,201701051344,120.56,120.73,120.56,120.57,13617
TM,201701051345,120.65,120.67,120.65,120.67,200
TM,201701051346,120.62,120.62,120.61,120.61,200
TM,201701051347,120.67,120.67,120.66,120.66,400
TM,201701051348,120.67,120.69,120.66,120.69,703
TM,201701051349,120.65,120.65,120.61,120.61,650
TM,201701051351,120.67,120.69,120.67,120.69,500
TM,201701051352,120.63,120.69,120.63,120.69,300
TM,201701051353,120.64,120.64,120.64,120.64,150
TM,201701051354,120.63,120.69,120.62,120.69,1475
TM,201701051356,120.65,120.65,120.65,120.65,150
TM,201701051357,120.63,120.63,120.63,120.63,100
TM,201701051359,120.66,120.66,120.66,120.66,250
TM,201701051402,120.63,120.63,120.63,120.63,101
TM,201701051403,120.68,120.68,120.68,120.68,100
TM,201701051404,120.68,120.68,120.68,120.68,300
TM,201701051405,120.67,120.67,120.67,120.67,100
TM,201701051406,120.71,120.74,120.71,120.73,1000
TM,201701051407,120.74,120.74,120.74,120.74,100
TM,201701051408,120.74,120.8,120.74,120.8,6600
TM,201701051409,120.8,120.8,120.78,120.78,6017
TM,201701051411,120.75,120.78,120.75,120.78,200
TM,201701051412,120.8,120.8,120.8,120.8,100
TM,201701051413,120.78,120.78,120.78,120.78,100
TM,201701051415,120.78,120.8,120.78,120.8,2200
TM,201701051416,120.8,120.8,120.71,120.75,3151
TM,201701051421,120.72,120.74,120.67,120.74,900
TM,201701051423,120.7,120.7,120.7,120.7,100
TM,201701051424,120.67,120.67,120.67,120.67,200
TM,201701051425,120.66,120.69,120.65,120.69,800
TM,201701051426,120.68,120.7,120.68,120.7,1500
TM,201701051427,120.67,120.67,120.67,120.67,100
TM,201701051430,120.64,120.64,120.58,120.62,1632
TM,201701051431,120.59,120.69,120.53,120.65,7841
TM,201701051432,120.62,120.68,120.61,120.61,3430
TM,201701051433,120.61,120.67,120.58,120.58,1430
TM,201701051434,120.61,120.61,120.57,120.57,670
TM,201701051435,120.62,120.62,120.62,120.62,113
TM,201701051436,120.58,120.6,120.58,120.6,588
TM,201701051438,120.6,120.6,120.6,120.6,100
TM,201701051439,120.6,120.6,120.6,120.6,100
TM,201701051440,120.61,120.61,120.61,120.61,100
TM,201701051442,120.55,120.55,120.55,120.55,100
TM,201701051446,120.6,120.6,120.6,120.6,100
TM,201701051447,120.56,120.56,120.55,120.55,400
TM,201701051450,120.56,120.56,120.56,120.56,200
TM,201701051451,120.55,120.57,120.55,120.57,300
TM,201701051452,120.57,120.57,120.57,120.57,1592
TM,201701051454,120.53,120.53,120.53,120.53,100
TM,201701051455,120.53,120.55,120.53,120.55,232
TM,201701051457,120.55,120.56,120.55,120.56,450
TM,201701051458,120.56,120.56,120.56,120.56,100
TM,201701051502,120.57,120.57,120.57,120.57,400
TM,201701051503,120.59,120.6,120.59,120.6,300
TM,201701051504,120.55,120.55,120.55,120.55,100
TM,201701051505,120.54,120.54,120.54,120.54,100
TM,201701051507,120.56,120.56,120.52,120.52,200
TM,201701051508,120.55,120.55,120.52,120.52,400
TM,201701051509,120.5,120.5,120.5,120.5,500
TM,201701051510,120.53,120.53,120.53,120.53,310
TM,201701051511,120.53,120.55,120.53,120.55,1385
TM,201701051512,120.54,120.57,120.54,120.57,900
TM,201701051514,120.61,120.62,120.61,120.62,900
TM,201701051515,120.6,120.6,120.6,120.6,105
TM,201701051516,120.61,120.61,120.59,120.6,1497
TM,201701051517,120.56,120.59,120.56,120.59,504
TM,201701051520,120.55,120.56,120.55,120.56,225
TM,201701051521,120.53,120.53,120.53,120.53,100
TM,201701051524,120.58,120.58,120.58,120.58,421
TM,201701051525,120.59,120.6,120.59,120.6,200
TM,201701051526,120.63,120.63,120.63,120.63,100
TM,201701051527,120.62,120.62,120.62,120.62,200
TM,201701051528,120.6,120.6,120.57,120.58,2550
TM,201701051529,120.57,120.6,120.56,120.56,1012
TM,201701051530,120.57,120.58,120.53,120.53,4083
TM,201701051531,120.53,120.53,120.53,120.53,400
TM,201701051532,120.53,120.58,120.53,120.58,1300
TM,201701051533,120.54,120.58,120.54,120.55,2793
TM,201701051534,120.54,120.54,120.52,120.52,1100
TM,201701051535,120.52,120.53,120.51,120.52,2955
TM,201701051536,120.53,120.53,120.5,120.5,3491
TM,201701051537,120.48,120.48,120.48,120.48,240
TM,201701051538,120.47,120.47,120.47,120.47,300
TM,201701051540,120.46,120.51,120.46,120.5,636
TM,201701051541,120.5,120.53,120.5,120.5,2030
TM,201701051542,120.5,120.5,120.5,120.5,300
TM,201701051543,120.5,120.52,120.5,120.5,1500
TM,201701051544,120.5,120.5,120.49,120.49,1386
TM,201701051545,120.48,120.5,120.48,120.48,1418
TM,201701051546,120.47,120.49,120.47,120.49,600
TM,201701051547,120.49,120.51,120.49,120.5,3120
TM,201701051548,120.5,120.52,120.47,120.47,2500
TM,201701051550,120.48,120.48,120.48,120.48,1025
TM,201701051551,120.49,120.53,120.48,120.51,5209
TM,201701051552,120.54,120.57,120.52,120.55,2278
TM,201701051553,120.56,120.56,120.53,120.54,4600
TM,201701051554,120.52,120.53,120.49,120.5,2500
TM,201701051555,120.5,120.51,120.46,120.49,1300
TM,201701051556,120.47,120.49,120.44,120.44,1878
TM,201701051557,120.48,120.48,120.43,120.48,2658
TM,201701051558,120.49,120.51,120.48,120.49,3865
TM,201701051559,120.48,120.49,120.44,120.44,1808
TM,201701051602,120.44,120.44,120.44,120.44,3715
