<ticker>,<date>,<open>,<high>,<low>,<close>,<vol>
UTX,201611300930,109.03,109.4,109,109.14,60003
UTX,201611300931,109.19,109.5,109.19,109.49,3610
UTX,201611300932,109.25,109.49,109.25,109.41,1847
UTX,201611300933,109.4,109.65,109.4,109.6,33077
UTX,201611300934,109.57,109.6,109.5,109.5,5455
UTX,201611300935,109.56,109.56,109.42,109.44,12401
UTX,201611300936,109.41,109.5,109.35,109.46,10678
UTX,201611300937,109.48,109.55,109.45,109.51,10699
UTX,201611300938,109.52,109.56,109.44,109.44,12746
UTX,201611300939,109.46,109.65,109.42,109.65,11979
UTX,201611300940,109.64,109.77,109.64,109.73,8858
UTX,201611300941,109.73,109.8,109.66,109.78,22601
UTX,201611300942,109.72,109.73,109.63,109.7,6922
UTX,201611300943,109.7,109.78,109.69,109.75,5116
UTX,201611300944,109.75,109.77,109.71,109.75,3630
UTX,201611300945,109.75,109.8,109.71,109.74,15506
UTX,201611300946,109.75,109.83,109.75,109.82,7140
UTX,201611300947,109.8,109.85,109.76,109.85,19727
UTX,201611300948,109.85,109.87,109.79,109.84,13477
UTX,201611300949,109.84,109.99,109.84,109.99,16755
UTX,201611300950,109.99,110,109.96,110,33395
UTX,201611300951,110,110,109.8,109.8,13485
UTX,201611300952,109.81,109.84,109.65,109.68,7260
UTX,201611300953,109.66,109.81,109.65,109.7,10547
UTX,201611300954,109.74,109.8,109.68,109.8,4848
UTX,201611300955,109.77,109.77,109.64,109.64,8079
UTX,201611300956,109.67,109.67,109.59,109.59,3861
UTX,201611300957,109.58,109.64,109.57,109.64,5550
UTX,201611300958,109.62,109.64,109.53,109.53,4266
UTX,201611300959,109.54,109.55,109.52,109.52,3692
UTX,201611301000,109.5,109.6,109.45,109.6,8670
UTX,201611301001,109.6,109.6,109.58,109.6,2179
UTX,201611301002,109.56,109.56,109.51,109.54,4642
UTX,201611301003,109.53,109.59,109.52,109.55,4143
UTX,201611301004,109.53,109.54,109.5,109.5,5601
UTX,201611301005,109.52,109.55,109.49,109.55,5594
UTX,201611301006,109.55,109.6,109.55,109.58,4391
UTX,201611301007,109.6,109.61,109.58,109.61,7820
UTX,201611301008,109.6,109.65,109.59,109.65,4717
UTX,201611301009,109.64,109.68,109.62,109.68,6817
UTX,201611301010,109.67,109.67,109.65,109.66,5228
UTX,201611301011,109.66,109.72,109.66,109.67,9812
UTX,201611301012,109.67,109.78,109.65,109.66,15844
UTX,201611301013,109.65,109.66,109.64,109.66,6517
UTX,201611301014,109.65,109.68,109.64,109.66,9792
UTX,201611301015,109.65,109.66,109.64,109.65,5000
UTX,201611301016,109.64,109.67,109.6,109.62,8629
UTX,201611301017,109.6,109.61,109.52,109.52,4838
UTX,201611301018,109.51,109.51,109.42,109.42,1239
UTX,201611301019,109.42,109.45,109.36,109.38,7165
UTX,201611301020,109.38,109.38,109.34,109.36,4025
UTX,201611301021,109.34,109.39,109.3,109.3,7136
UTX,201611301022,109.3,109.3,109.21,109.21,4887
UTX,201611301023,109.23,109.26,109.22,109.24,2125
UTX,201611301024,109.26,109.3,109.26,109.3,4190
UTX,201611301025,109.29,109.4,109.29,109.39,3389
UTX,201611301026,109.38,109.41,109.35,109.37,5537
UTX,201611301027,109.38,109.4,109.37,109.4,3925
UTX,201611301028,109.4,109.4,109.38,109.4,5991
UTX,201611301029,109.4,109.45,109.4,109.44,7499
UTX,201611301030,109.43,109.43,109.41,109.41,2963
UTX,201611301031,109.41,109.42,109.37,109.4,3655
UTX,201611301032,109.39,109.42,109.39,109.41,2016
UTX,201611301033,109.4,109.4,109.36,109.39,6609
UTX,201611301034,109.38,109.39,109.38,109.39,420
UTX,201611301035,109.39,109.39,109.28,109.28,4126
UTX,201611301036,109.3,109.3,109.28,109.3,1501
UTX,201611301037,109.28,109.29,109.19,109.21,4596
UTX,201611301038,109.22,109.22,109.16,109.18,2992
UTX,201611301039,109.17,109.19,109.16,109.19,9874
UTX,201611301040,109.18,109.19,109.17,109.18,6007
UTX,201611301041,109.19,109.19,109.17,109.18,4534
UTX,201611301042,109.19,109.19,109.17,109.18,6875
UTX,201611301043,109.19,109.22,109.17,109.2,5471
UTX,201611301044,109.2,109.21,109.2,109.21,2348
UTX,201611301045,109.2,109.3,109.2,109.3,6538
UTX,201611301046,109.31,109.32,109.27,109.27,2198
UTX,201611301047,109.29,109.29,109.24,109.25,4640
UTX,201611301048,109.24,109.25,109.21,109.21,2572
UTX,201611301049,109.23,109.23,109.16,109.17,10990
UTX,201611301050,109.15,109.24,109.15,109.22,16318
UTX,201611301051,109.2,109.22,109.18,109.21,3150
UTX,201611301052,109.21,109.23,109.2,109.22,2804
UTX,201611301053,109.21,109.25,109.19,109.19,35940
UTX,201611301054,109.21,109.24,109.19,109.24,71884
UTX,201611301055,109.24,109.28,109.23,109.27,5747
UTX,201611301056,109.28,109.33,109.27,109.32,17690
UTX,201611301057,109.32,109.35,109.32,109.32,1500
UTX,201611301058,109.33,109.33,109.28,109.28,3002
UTX,201611301059,109.3,109.33,109.3,109.32,1989
UTX,201611301100,109.32,109.33,109.23,109.25,3000
UTX,201611301101,109.23,109.25,109.22,109.25,1900
UTX,201611301102,109.24,109.24,109.18,109.18,2300
UTX,201611301103,109.18,109.18,109.13,109.13,3300
UTX,201611301104,109.13,109.13,109.1,109.12,7094
UTX,201611301105,109.08,109.11,109.07,109.08,1740
UTX,201611301106,109.07,109.1,109.07,109.09,6773
UTX,201611301107,109.08,109.08,109.05,109.07,4845
UTX,201611301108,109.06,109.1,109.06,109.1,3239
UTX,201611301109,109.08,109.08,109.05,109.06,1920
UTX,201611301110,109.07,109.11,109.06,109.07,2901
UTX,201611301111,109.06,109.1,109.05,109.09,3187
UTX,201611301112,109.07,109.07,109.06,109.07,1170
UTX,201611301113,109.05,109.05,109.01,109.02,3452
UTX,201611301114,109.01,109.02,109.01,109.01,1300
UTX,201611301115,109,109.02,108.98,108.99,5937
UTX,201611301116,109,109.01,108.98,109,3739
UTX,201611301117,108.1,109,108.1,108.99,6536
UTX,201611301118,108.99,109,108.97,109,16349
UTX,201611301119,108.99,109.01,108.1,108.96,7260
UTX,201611301120,108.96,108.96,108.9,108.91,8487
UTX,201611301121,108.9,108.91,108.87,108.88,7553
UTX,201611301122,108.87,108.87,108.77,108.77,7831
UTX,201611301123,108.77,108.78,108.76,108.78,3913
UTX,201611301124,108.78,108.78,108.73,108.73,2932
UTX,201611301125,108.73,108.74,108.68,108.68,8151
UTX,201611301126,108.69,108.73,108.68,108.73,9682
UTX,201611301127,108.73,108.73,108.71,108.72,4166
UTX,201611301128,108.71,108.71,108.66,108.66,4604
UTX,201611301129,108.64,108.69,108.64,108.65,7069
UTX,201611301130,108.66,108.68,108.63,108.63,3810
UTX,201611301131,108.63,108.67,108.6,108.62,4464
UTX,201611301132,108.62,108.65,108.62,108.65,5241
UTX,201611301133,108.64,108.65,108.63,108.63,1907
UTX,201611301134,108.64,108.64,108.59,108.6,2622
UTX,201611301135,108.6,108.6,108.53,108.55,9954
UTX,201611301136,108.54,108.55,108.5,108.5,15788
UTX,201611301137,108.49,108.54,108.49,108.53,6084
UTX,201611301138,108.54,108.66,108.54,108.65,6084
UTX,201611301139,108.66,108.72,108.66,108.69,4673
UTX,201611301140,108.69,108.73,108.63,108.63,24496
UTX,201611301141,108.6,108.65,108.6,108.62,16241
UTX,201611301142,108.62,108.64,108.61,108.62,1900
UTX,201611301143,108.63,108.67,108.59,108.67,7438
UTX,201611301144,108.67,108.68,108.64,108.66,5520
UTX,201611301145,108.66,108.66,108.65,108.66,1800
UTX,201611301146,108.66,108.74,108.66,108.74,4304
UTX,201611301147,108.73,108.73,108.72,108.73,700
UTX,201611301148,108.74,108.74,108.69,108.69,3077
UTX,201611301149,108.69,108.71,108.65,108.67,4852
UTX,201611301150,108.68,108.68,108.61,108.61,12941
UTX,201611301151,108.6,108.64,108.58,108.6,6711
UTX,201611301152,108.62,108.66,108.6,108.64,2300
UTX,201611301153,108.64,108.64,108.6,108.6,2350
UTX,201611301154,108.63,108.63,108.56,108.56,3590
UTX,201611301155,108.57,108.59,108.56,108.56,1654
UTX,201611301156,108.56,108.57,108.51,108.53,4197
UTX,201611301157,108.51,108.54,108.5,108.5,2917
UTX,201611301158,108.5,108.64,108.49,108.55,31612
UTX,201611301159,108.54,108.56,108.52,108.52,720
UTX,201611301200,108.54,108.56,108.53,108.54,4000
UTX,201611301201,108.55,108.64,108.52,108.62,8056
UTX,201611301202,108.62,108.65,108.62,108.65,4620
UTX,201611301203,108.67,108.67,108.61,108.61,2112
UTX,201611301204,108.6,108.6,108.59,108.6,2000
UTX,201611301205,108.6,108.6,108.55,108.55,4700
UTX,201611301206,108.53,108.54,108.52,108.52,3150
UTX,201611301207,108.52,108.52,108.49,108.5,6776
UTX,201611301208,108.49,108.5,108.47,108.47,1500
UTX,201611301209,108.46,108.47,108.42,108.44,2830
UTX,201611301210,108.45,108.45,108.43,108.43,1837
UTX,201611301211,108.42,108.44,108.42,108.44,2377
UTX,201611301212,108.42,108.44,108.42,108.43,1428
UTX,201611301213,108.43,108.44,108.38,108.38,7880
UTX,201611301214,108.38,108.42,108.38,108.39,10542
UTX,201611301215,108.38,108.38,108.36,108.37,900
UTX,201611301216,108.36,108.38,108.36,108.37,3429
UTX,201611301217,108.36,108.5,108.32,108.32,32000
UTX,201611301218,108.32,108.37,108.29,108.36,9260
UTX,201611301219,108.35,108.38,108.34,108.38,2699
UTX,201611301220,108.4,108.45,108.4,108.45,1609
UTX,201611301221,108.45,108.48,108.39,108.42,8814
UTX,201611301222,108.43,108.5,108.43,108.43,28998
UTX,201611301223,108.42,108.42,108.39,108.42,2759
UTX,201611301224,108.41,108.42,108.39,108.39,2200
UTX,201611301225,108.39,108.41,108.34,108.37,8049
UTX,201611301226,108.39,108.41,108.36,108.36,1000
UTX,201611301227,108.38,108.38,108.36,108.37,1257
UTX,201611301228,108.36,108.36,108.32,108.34,1600
UTX,201611301229,108.34,108.34,108.25,108.25,13708
UTX,201611301230,108.25,108.26,108.23,108.25,8471
UTX,201611301231,108.25,108.25,108.22,108.22,1664
UTX,201611301232,108.23,108.23,108.18,108.18,8258
UTX,201611301233,108.18,108.23,108.17,108.22,12970
UTX,201611301234,108.21,108.26,108.21,108.26,2475
UTX,201611301235,108.27,108.29,108.25,108.27,2543
UTX,201611301236,108.28,108.3,108.22,108.24,6383
UTX,201611301237,108.24,108.25,108.22,108.22,3921
UTX,201611301238,108.23,108.23,108.19,108.21,2600
UTX,201611301239,108.22,108.22,108.2,108.21,829
UTX,201611301240,108.21,108.24,108.21,108.23,3662
UTX,201611301241,108.21,108.28,108.21,108.28,30561
UTX,201611301242,108.29,108.3,108.28,108.3,4076
UTX,201611301243,108.29,108.32,108.29,108.32,3000
UTX,201611301244,108.33,108.35,108.33,108.35,700
UTX,201611301245,108.36,108.36,108.35,108.35,700
UTX,201611301246,108.38,108.4,108.37,108.37,900
UTX,201611301247,108.39,108.39,108.23,108.26,14240
UTX,201611301248,108.25,108.27,108.25,108.27,2784
UTX,201611301249,108.28,108.31,108.28,108.31,2006
UTX,201611301250,108.3,108.31,108.27,108.29,2349
UTX,201611301251,108.27,108.31,108.27,108.3,24448
UTX,201611301252,108.31,108.31,108.26,108.28,7116
UTX,201611301253,108.29,108.3,108.28,108.29,900
UTX,201611301254,108.28,108.3,108.27,108.27,1580
UTX,201611301255,108.27,108.33,108.27,108.33,21505
UTX,201611301256,108.34,108.37,108.33,108.35,5040
UTX,201611301257,108.36,108.36,108.36,108.36,200
UTX,201611301258,108.37,108.41,108.37,108.41,9405
UTX,201611301259,108.41,108.46,108.39,108.46,14633
UTX,201611301300,108.47,108.49,108.45,108.46,1300
UTX,201611301301,108.46,108.48,108.43,108.47,1716
UTX,201611301302,108.48,108.49,108.45,108.47,2049
UTX,201611301303,108.47,108.47,108.46,108.46,1200
UTX,201611301304,108.46,108.52,108.46,108.51,1895
UTX,201611301305,108.51,108.53,108.5,108.52,4499
UTX,201611301306,108.53,108.54,108.47,108.53,5372
UTX,201611301307,108.54,108.54,108.54,108.54,100
UTX,201611301308,108.53,108.54,108.48,108.49,2412
UTX,201611301309,108.47,108.5,108.47,108.48,1794
UTX,201611301310,108.5,108.5,108.48,108.5,4096
UTX,201611301311,108.49,108.5,108.48,108.5,650
UTX,201611301312,108.47,108.5,108.46,108.46,1287
UTX,201611301313,108.49,108.49,108.47,108.47,600
UTX,201611301314,108.46,108.49,108.46,108.47,741
UTX,201611301315,108.47,108.49,108.47,108.48,1171
UTX,201611301316,108.49,108.49,108.47,108.47,1800
UTX,201611301317,108.47,108.48,108.47,108.48,2000
UTX,201611301318,108.48,108.5,108.48,108.5,2346
UTX,201611301319,108.49,108.56,108.49,108.56,3054
UTX,201611301320,108.54,108.54,108.53,108.54,714
UTX,201611301321,108.52,108.52,108.49,108.49,13801
UTX,201611301322,108.49,108.51,108.49,108.5,1668
UTX,201611301323,108.49,108.5,108.49,108.49,700
UTX,201611301324,108.5,108.5,108.47,108.47,1550
UTX,201611301325,108.47,108.49,108.47,108.49,2800
UTX,201611301326,108.5,108.53,108.5,108.51,4345
UTX,201611301327,108.5,108.5,108.49,108.49,856
UTX,201611301328,108.48,108.49,108.46,108.47,2302
UTX,201611301329,108.47,108.48,108.47,108.47,1219
UTX,201611301330,108.47,108.48,108.46,108.47,2100
UTX,201611301331,108.48,108.48,108.46,108.46,600
UTX,201611301332,108.45,108.5,108.45,108.5,13086
UTX,201611301333,108.51,108.51,108.47,108.47,10649
UTX,201611301334,108.49,108.51,108.49,108.5,1894
UTX,201611301335,108.51,108.54,108.49,108.51,38771
UTX,201611301336,108.51,108.51,108.48,108.48,1440
UTX,201611301337,108.49,108.49,108.49,108.49,800
UTX,201611301338,108.49,108.49,108.49,108.49,1800
UTX,201611301339,108.48,108.48,108.44,108.45,3809
UTX,201611301340,108.45,108.46,108.43,108.45,6671
UTX,201611301341,108.43,108.43,108.41,108.41,1037
UTX,201611301342,108.4,108.43,108.4,108.41,2155
UTX,201611301343,108.43,108.43,108.41,108.42,2315
UTX,201611301344,108.43,108.44,108.43,108.44,2803
UTX,201611301345,108.43,108.45,108.43,108.45,1750
UTX,201611301346,108.46,108.47,108.45,108.46,1200
UTX,201611301347,108.45,108.47,108.45,108.47,831
UTX,201611301348,108.45,108.48,108.44,108.46,4965
UTX,201611301349,108.47,108.48,108.47,108.48,1200
UTX,201611301350,108.48,108.5,108.47,108.48,3004
UTX,201611301351,108.47,108.48,108.45,108.45,2446
UTX,201611301352,108.45,108.45,108.4,108.4,2280
UTX,201611301353,108.4,108.4,108.4,108.4,1200
UTX,201611301354,108.39,108.4,108.39,108.39,1981
UTX,201611301355,108.39,108.4,108.39,108.39,1650
UTX,201611301356,108.38,108.4,108.38,108.39,1898
UTX,201611301357,108.39,108.39,108.37,108.38,8650
UTX,201611301358,108.39,108.39,108.38,108.38,2211
UTX,201611301359,108.39,108.39,108.37,108.37,10500
UTX,201611301400,108.37,108.39,108.37,108.37,2462
UTX,201611301401,108.38,108.39,108.37,108.38,3500
UTX,201611301402,108.38,108.42,108.38,108.4,7910
UTX,201611301403,108.4,108.4,108.39,108.4,4111
UTX,201611301404,108.4,108.42,108.39,108.42,6242
UTX,201611301405,108.4,108.42,108.38,108.42,10144
UTX,201611301406,108.44,108.44,108.39,108.4,6155
UTX,201611301407,108.4,108.4,108.34,108.34,3710
UTX,201611301408,108.34,108.37,108.34,108.36,3440
UTX,201611301409,108.35,108.36,108.33,108.35,10328
UTX,201611301410,108.36,108.37,108.35,108.37,2563
UTX,201611301411,108.38,108.39,108.37,108.38,5832
UTX,201611301412,108.39,108.41,108.38,108.41,7243
UTX,201611301413,108.41,108.41,108.39,108.39,2418
UTX,201611301414,108.39,108.4,108.37,108.38,7118
UTX,201611301415,108.38,108.4,108.37,108.39,4950
UTX,201611301416,108.4,108.47,108.4,108.44,4477
UTX,201611301417,108.43,108.43,108.38,108.4,5684
UTX,201611301418,108.39,108.45,108.39,108.44,6980
UTX,201611301419,108.44,108.45,108.43,108.43,5667
UTX,201611301420,108.42,108.42,108.41,108.41,3800
UTX,201611301421,108.41,108.43,108.4,108.42,7281
UTX,201611301422,108.41,108.41,108.39,108.39,2376
UTX,201611301423,108.39,108.42,108.36,108.42,6591
UTX,201611301424,108.42,108.44,108.42,108.43,1884
UTX,201611301425,108.42,108.42,108.35,108.37,5198
UTX,201611301426,108.36,108.42,108.36,108.41,5296
UTX,201611301427,108.4,108.4,108.34,108.34,3424
UTX,201611301428,108.34,108.35,108.33,108.34,2716
UTX,201611301429,108.33,108.33,108.32,108.32,1917
UTX,201611301430,108.32,108.32,108.29,108.29,1200
UTX,201611301431,108.29,108.31,108.29,108.3,3608
UTX,201611301432,108.29,108.3,108.26,108.26,7000
UTX,201611301433,108.26,108.26,108.25,108.25,4115
UTX,201611301434,108.25,108.25,108.19,108.2,5600
UTX,201611301435,108.2,108.24,108.19,108.22,5226
UTX,201611301436,108.23,108.23,108.19,108.19,12709
UTX,201611301437,108.18,108.2,108.18,108.19,1835
UTX,201611301438,108.19,108.19,108.17,108.17,1525
UTX,201611301439,108.17,108.2,108.16,108.19,8120
UTX,201611301440,108.21,108.25,108.2,108.24,4051
UTX,201611301441,108.24,108.24,108.23,108.23,1510
UTX,201611301442,108.23,108.23,108.19,108.2,4004
UTX,201611301443,108.2,108.2,108.19,108.19,2551
UTX,201611301444,108.2,108.23,108.19,108.19,6413
UTX,201611301445,108.19,108.21,108.17,108.2,4128
UTX,201611301446,108.21,108.23,108.2,108.2,3604
UTX,201611301447,108.2,108.22,108.17,108.17,3519
UTX,201611301448,108.18,108.18,108.17,108.18,3158
UTX,201611301449,108.18,108.21,108.18,108.2,5898
UTX,201611301450,108.2,108.26,108.19,108.23,6423
UTX,201611301451,108.25,108.25,108.18,108.18,5695
UTX,201611301452,108.18,108.19,108.17,108.17,6468
UTX,201611301453,108.18,108.18,108.16,108.17,4156
UTX,201611301454,108.16,108.18,108.15,108.17,6255
UTX,201611301455,108.18,108.18,108.16,108.16,8423
UTX,201611301456,108.16,108.16,108.13,108.14,4526
UTX,201611301457,108.15,108.15,108.13,108.13,5590
UTX,201611301458,108.12,108.12,108.08,108.08,7919
UTX,201611301459,108.08,108.09,108.04,108.04,9531
UTX,201611301500,108.04,108.08,108.04,108.07,11399
UTX,201611301501,108.07,108.08,108.03,108.05,5380
UTX,201611301502,108.05,108.07,108.05,108.06,1951
UTX,201611301503,108.07,108.07,108.04,108.06,3401
UTX,201611301504,108.05,108.07,108.04,108.04,7688
UTX,201611301505,108.05,108.05,108,108,6505
UTX,201611301506,108,108,107.98,107.98,13380
UTX,201611301507,107.98,108.01,107.98,108.01,15756
UTX,201611301508,108,108,107.87,107.9,25060
UTX,201611301509,107.9,107.94,107.89,107.92,5101
UTX,201611301510,107.93,107.97,107.92,107.95,4651
UTX,201611301511,107.96,107.97,107.9,107.93,9112
UTX,201611301512,107.96,107.97,107.94,107.97,3916
UTX,201611301513,107.97,108,107.96,108,4418
UTX,201611301514,107.99,108.05,107.99,108.05,4439
UTX,201611301515,108.05,108.1,108.04,108.1,5700
UTX,201611301516,108.11,108.11,108.04,108.05,9801
UTX,201611301517,108.03,108.04,107.99,107.99,4839
UTX,201611301518,107.99,108,107.98,107.98,3000
UTX,201611301519,107.98,108,107.97,107.98,4873
UTX,201611301520,107.98,108.03,107.98,108.03,9803
UTX,201611301521,108.02,108.03,107.97,107.99,6374
UTX,201611301522,107.99,108.04,107.98,108.03,27872
UTX,201611301523,108.05,108.08,108.03,108.04,5406
UTX,201611301524,108.03,108.04,107.99,108.03,9250
UTX,201611301525,108.03,108.06,108.01,108.01,10752
UTX,201611301526,108.03,108.06,108.02,108.05,4840
UTX,201611301527,108.06,108.09,108.01,108.02,38299
UTX,201611301528,108.02,108.05,108.01,108.03,4303
UTX,201611301529,108.03,108.05,108.02,108.03,6165
UTX,201611301530,108.04,108.06,108.03,108.06,10735
UTX,201611301531,108.04,108.05,108,108.04,25493
UTX,201611301532,108.03,108.08,108.03,108.04,35909
UTX,201611301533,108.03,108.03,107.97,107.97,16394
UTX,201611301534,107.97,107.98,107.96,107.97,4315
UTX,201611301535,107.97,108,107.96,108,11887
UTX,201611301536,108,108.05,108,108.03,25424
UTX,201611301537,108.02,108.03,108.01,108.03,2393
