<ticker>,<date>,<open>,<high>,<low>,<close>,<vol>
XOM,201612130900,91.75,92,91.74,91.9,8832
XOM,201612130902,91.85,91.85,91.85,91.85,339
XOM,201612130903,91.85,91.85,91.85,91.85,300
XOM,201612130904,91.75,91.75,91.7,91.7,300
XOM,201612130905,91.7,91.75,91.7,91.75,700
XOM,201612130906,91.7,91.7,91.7,91.7,200
XOM,201612130909,91.85,91.85,91.85,91.85,1000
XOM,201612130910,91.85,91.85,91.85,91.85,200
XOM,201612130911,91.85,91.85,91.85,91.85,1000
XOM,201612130912,91.89,91.89,91.89,91.89,505
XOM,201612130916,91.88,91.88,91.88,91.88,300
XOM,201612130917,91.85,91.85,91.85,91.85,900
XOM,201612130920,91.83,91.83,91.76,91.77,2002
XOM,201612130921,91.76,91.76,91.76,91.76,100
XOM,201612130922,91.77,91.77,91.77,91.77,1050
XOM,201612130923,91.81,91.81,91.81,91.81,624
XOM,201612130924,91.81,91.81,91.81,91.81,500
XOM,201612130925,91.83,91.88,91.83,91.88,2100
XOM,201612130926,91.88,91.89,91.88,91.89,469
XOM,201612130927,91.89,91.89,91.89,91.89,500
XOM,201612130928,91.89,91.89,91.81,91.81,1500
XOM,201612130929,91.81,91.89,91.81,91.89,400
XOM,201612130930,91.89,91.89,91.81,91.83,334985
XOM,201612130931,91.83,91.83,91.45,91.56,77727
XOM,201612130932,91.56,91.6,91.45,91.49,46289
XOM,201612130933,91.47,91.48,91.26,91.32,48150
XOM,201612130934,91.33,91.59,91.31,91.57,44128
XOM,201612130935,91.59,91.59,91.55,91.55,3419
XOM,201612130936,91.48,91.49,91.27,91.44,50337
XOM,201612130937,91.3,91.31,91.17,91.21,41153
XOM,201612130938,91.21,91.28,91.21,91.21,36382
XOM,201612130939,91.22,91.28,91.21,91.24,30331
XOM,201612130940,91.23,91.38,91.2,91.38,54104
XOM,201612130941,91.38,91.41,91.36,91.37,28301
XOM,201612130942,91.35,91.46,91.35,91.44,29689
XOM,201612130943,91.44,91.6,91.42,91.6,39889
XOM,201612130944,91.58,91.62,91.54,91.61,18248
XOM,201612130945,91.61,91.61,91.47,91.49,25257
XOM,201612130946,91.49,91.51,91.41,91.49,19459
XOM,201612130947,91.48,91.48,91.47,91.48,1740
XOM,201612130948,91.48,91.67,91.47,91.49,52290
XOM,201612130949,91.65,91.8,91.63,91.76,55859
XOM,201612130950,91.78,91.8,91.7,91.73,46532
XOM,201612130951,91.75,91.78,91.73,91.74,43333
XOM,201612130952,91.74,91.82,91.74,91.8,33226
XOM,201612130953,91.79,91.8,91.63,91.67,20631
XOM,201612130954,91.67,91.69,91.55,91.56,218865
XOM,201612130955,91.57,91.6,91.5,91.58,43282
XOM,201612130956,91.56,91.59,91.55,91.55,25642
XOM,201612130957,91.55,91.57,91.51,91.54,16085
XOM,201612130958,91.55,91.58,91.52,91.57,17355
XOM,201612130959,91.56,91.59,91.51,91.55,19311
XOM,201612131000,91.55,91.65,91.55,91.65,26257
XOM,201612131001,91.65,91.68,91.62,91.65,38324
XOM,201612131002,91.64,91.65,91.51,91.55,210256
XOM,201612131003,91.54,91.64,91.52,91.54,198272
XOM,201612131004,91.54,91.62,91.54,91.59,169478
XOM,201612131005,91.59,91.6,91.55,91.57,157981
XOM,201612131006,91.58,91.75,91.58,91.75,39061
XOM,201612131007,91.74,91.75,91.62,91.67,29218
XOM,201612131008,91.68,91.71,91.63,91.7,19086
XOM,201612131009,91.7,91.73,91.68,91.72,21397
XOM,201612131010,91.72,91.73,91.61,91.66,63018
XOM,201612131011,91.66,91.72,91.63,91.66,20127
XOM,201612131012,91.65,91.73,91.57,91.73,497195
XOM,201612131013,91.73,91.87,91.72,91.86,60217
XOM,201612131014,91.86,91.86,91.83,91.84,4600
XOM,201612131015,91.73,91.73,91.62,91.67,267854
XOM,201612131016,91.67,91.68,91.64,91.67,22201
XOM,201612131017,91.68,91.69,91.57,91.57,43143
XOM,201612131018,91.57,91.63,91.55,91.59,29262
XOM,201612131019,91.58,91.59,91.52,91.54,42176
XOM,201612131020,91.53,91.57,91.52,91.53,22259
XOM,201612131021,91.55,91.56,91.51,91.52,36062
XOM,201612131022,91.52,91.56,91.49,91.51,43067
XOM,201612131023,91.51,91.55,91.49,91.53,30656
XOM,201612131024,91.53,91.54,91.47,91.47,35351
XOM,201612131025,91.47,91.51,91.43,91.49,30969
XOM,201612131026,91.49,91.51,91.45,91.51,20815
XOM,201612131027,91.51,91.51,91.47,91.49,16920
XOM,201612131028,91.5,91.55,91.49,91.51,263339
XOM,201612131029,91.5,91.54,91.49,91.5,24747
XOM,201612131030,91.5,91.5,91.44,91.45,21079
XOM,201612131031,91.44,91.48,91.42,91.48,22773
XOM,201612131032,91.48,91.51,91.38,91.41,31982
XOM,201612131033,91.4,91.46,91.4,91.44,36328
XOM,201612131034,91.45,91.47,91.4,91.46,14215
XOM,201612131035,91.47,91.47,91.4,91.45,31630
XOM,201612131036,91.46,91.48,91.45,91.48,4062
XOM,201612131037,91.45,91.51,91.41,91.43,35243
XOM,201612131038,91.5,91.56,91.48,91.54,20399
XOM,201612131039,91.54,91.63,91.53,91.63,31764
XOM,201612131040,91.64,91.76,91.63,91.76,52160
XOM,201612131041,91.76,91.85,91.74,91.84,53844
XOM,201612131042,91.84,91.87,91.82,91.82,44926
XOM,201612131043,91.82,91.88,91.82,91.87,30045
XOM,201612131044,91.87,91.97,91.87,91.97,101797
XOM,201612131045,91.97,91.99,91.96,91.98,33176
XOM,201612131046,91.98,91.99,91.97,91.98,38075
XOM,201612131047,91.98,92,91.1,91.98,54740
XOM,201612131048,92,92,91.1,91.99,67882
XOM,201612131049,91.99,92,91.94,91.97,81644
XOM,201612131050,91.98,91.98,91.97,91.97,1300
XOM,201612131051,91.99,92.09,91.99,92.07,177969
XOM,201612131052,92.06,92.14,92.02,92.06,32533
XOM,201612131053,92.06,92.13,92.04,92.1,36144
XOM,201612131054,92.11,92.2,92.09,92.18,54833
XOM,201612131055,92.19,92.2,92.15,92.18,33200
XOM,201612131056,92.17,92.19,92.13,92.16,34222
XOM,201612131057,92.16,92.2,92.12,92.15,48563
XOM,201612131058,92.16,92.17,92.05,92.07,33721
XOM,201612131059,92.07,92.12,92.07,92.08,34688
XOM,201612131100,92.08,92.1,92.04,92.06,31146
XOM,201612131101,92.05,92.06,92,92.01,33109
XOM,201612131102,92.01,92.01,92,92,500
XOM,201612131103,92.03,92.06,92,92.01,38975
XOM,201612131104,92.06,92.13,92.06,92.13,22847
XOM,201612131105,92.12,92.14,92.1,92.1,33137
XOM,201612131106,92.11,92.13,92.07,92.1,19413
XOM,201612131107,92.09,92.09,92.03,92.08,24347
XOM,201612131108,92.07,92.11,92.05,92.09,25080
XOM,201612131109,92.09,92.1,92.01,92.02,18148
XOM,201612131110,92.02,92.03,91.98,92.03,35762
XOM,201612131111,92.03,92.08,91.99,92.07,35343
XOM,201612131112,92.08,92.14,92.06,92.12,25210
XOM,201612131113,92.13,92.14,92.12,92.14,19522
XOM,201612131114,92.14,92.15,92.12,92.15,23423
XOM,201612131115,92.16,92.19,92.16,92.18,4698
XOM,201612131116,92.23,92.35,92.23,92.34,51876
XOM,201612131117,92.34,92.41,92.34,92.39,31804
XOM,201612131118,92.39,92.44,92.37,92.43,36164
XOM,201612131119,92.43,92.48,92.43,92.45,67257
XOM,201612131120,92.45,92.5,92.45,92.48,42876
XOM,201612131121,92.48,92.5,92.46,92.48,63482
XOM,201612131122,92.48,92.52,92.46,92.48,57622
XOM,201612131123,92.49,92.51,92.4,92.43,40175
XOM,201612131124,92.43,92.45,92.36,92.39,33304
XOM,201612131125,92.39,92.45,92.39,92.44,23429
XOM,201612131126,92.44,92.44,92.35,92.38,36362
XOM,201612131127,92.37,92.37,92.37,92.37,1217
XOM,201612131128,92.34,92.38,92.32,92.34,11913
XOM,201612131129,92.35,92.36,92.28,92.3,30299
XOM,201612131130,92.3,92.35,92.3,92.32,15847
XOM,201612131131,92.33,92.35,92.28,92.32,14853
XOM,201612131132,92.31,92.37,92.28,92.36,21674
XOM,201612131133,92.35,92.39,92.35,92.38,10638
XOM,201612131134,92.38,92.41,92.37,92.4,15100
XOM,201612131135,92.41,92.43,92.38,92.43,36223
XOM,201612131136,92.42,92.42,92.39,92.41,10483
XOM,201612131137,92.42,92.44,92.41,92.42,11985
XOM,201612131138,92.42,92.43,92.4,92.4,26708
XOM,201612131139,92.41,92.42,92.39,92.41,14808
XOM,201612131140,92.42,92.43,92.42,92.42,600
XOM,201612131141,92.4,92.47,92.38,92.4,60366
XOM,201612131142,92.47,92.49,92.46,92.46,15813
XOM,201612131143,92.46,92.47,92.43,92.45,21286
XOM,201612131144,92.44,92.47,92.43,92.46,28337
XOM,201612131145,92.46,92.48,92.4,92.4,21118
XOM,201612131146,92.41,92.42,92.37,92.37,22732
XOM,201612131147,92.37,92.45,92.37,92.44,20055
XOM,201612131148,92.43,92.46,92.34,92.38,50500
XOM,201612131149,92.39,92.4,92.34,92.36,31801
XOM,201612131150,92.35,92.4,92.35,92.39,20214
XOM,201612131151,92.38,92.43,92.38,92.42,16041
XOM,201612131152,92.43,92.43,92.42,92.42,426
XOM,201612131153,92.44,92.44,92.37,92.44,23925
XOM,201612131154,92.4,92.41,92.38,92.39,23163
XOM,201612131155,92.38,92.4,92.38,92.39,29644
XOM,201612131156,92.4,92.44,92.39,92.43,30326
XOM,201612131157,92.44,92.46,92.43,92.44,29387
XOM,201612131158,92.44,92.47,92.44,92.47,41967
XOM,201612131159,92.46,92.51,92.46,92.48,42321
XOM,201612131200,92.49,92.52,92.48,92.49,22033
XOM,201612131201,92.5,92.52,92.45,92.47,35558
XOM,201612131202,92.47,92.49,92.46,92.48,9603
XOM,201612131203,92.47,92.48,92.42,92.43,15400
XOM,201612131204,92.43,92.45,92.41,92.43,15359
XOM,201612131205,92.45,92.45,92.44,92.44,300
XOM,201612131206,92.45,92.46,92.42,92.46,26506
XOM,201612131207,92.43,92.46,92.41,92.43,14145
XOM,201612131208,92.44,92.47,92.43,92.45,27089
XOM,201612131209,92.45,92.47,92.44,92.45,12879
XOM,201612131210,92.46,92.48,92.45,92.45,11713
XOM,201612131211,92.46,92.48,92.45,92.48,24870
XOM,201612131212,92.48,92.52,92.48,92.48,116881
XOM,201612131213,92.49,92.5,92.48,92.5,38393
XOM,201612131214,92.5,92.5,92.46,92.49,18911
XOM,201612131215,92.49,92.57,92.48,92.56,38852
XOM,201612131216,92.56,92.61,92.56,92.6,30357
XOM,201612131217,92.6,92.63,92.6,92.61,5184
XOM,201612131218,92.59,92.63,92.58,92.59,21476
XOM,201612131219,92.59,92.65,92.59,92.63,11011
XOM,201612131220,92.64,92.65,92.61,92.64,27228
XOM,201612131221,92.63,92.65,92.63,92.64,15119
XOM,201612131222,92.64,92.7,92.63,92.68,27818
XOM,201612131223,92.67,92.67,92.63,92.66,27003
XOM,201612131224,92.67,92.68,92.63,92.65,21453
XOM,201612131225,92.67,92.68,92.65,92.66,16147
XOM,201612131226,92.66,92.71,92.66,92.7,20808
XOM,201612131227,92.7,92.73,92.69,92.69,31825
XOM,201612131228,92.69,92.69,92.64,92.67,39744
XOM,201612131229,92.67,92.71,92.67,92.69,49425
XOM,201612131230,92.7,92.71,92.7,92.7,3580
XOM,201612131231,92.69,92.71,92.65,92.69,47338
XOM,201612131232,92.65,92.68,92.65,92.68,41495
XOM,201612131233,92.68,92.7,92.67,92.67,82892
XOM,201612131234,92.68,92.7,92.68,92.69,17973
XOM,201612131235,92.7,92.72,92.67,92.71,67842
XOM,201612131236,92.71,92.73,92.71,92.72,17174
XOM,201612131237,92.72,92.73,92.7,92.71,19625
XOM,201612131238,92.72,92.72,92.69,92.71,17130
XOM,201612131239,92.7,92.71,92.68,92.69,7293
XOM,201612131240,92.69,92.7,92.67,92.7,35152
XOM,201612131241,92.69,92.71,92.67,92.7,21683
XOM,201612131242,92.69,92.72,92.69,92.7,27516
XOM,201612131243,92.7,92.7,92.68,92.69,5402
XOM,201612131244,92.68,92.68,92.67,92.67,36085
XOM,201612131245,92.67,92.68,92.62,92.63,139351
XOM,201612131246,92.63,92.65,92.61,92.63,40621
XOM,201612131247,92.64,92.68,92.64,92.67,34171
XOM,201612131248,92.67,92.7,92.66,92.7,18497
XOM,201612131249,92.7,92.71,92.64,92.65,30584
XOM,201612131250,92.65,92.68,92.65,92.67,21276
XOM,201612131251,92.67,92.69,92.67,92.69,16432
XOM,201612131252,92.68,92.68,92.61,92.61,28863
XOM,201612131253,92.61,92.62,92.57,92.57,11193
XOM,201612131254,92.58,92.6,92.55,92.59,8780
XOM,201612131255,92.6,92.65,92.59,92.62,24755
XOM,201612131256,92.61,92.63,92.56,92.61,12148
XOM,201612131257,92.56,92.57,92.52,92.55,17695
XOM,201612131258,92.55,92.56,92.52,92.55,25230
XOM,201612131259,92.56,92.61,92.56,92.6,5921
XOM,201612131300,92.61,92.63,92.59,92.63,14457
XOM,201612131301,92.62,92.68,92.62,92.67,15268
XOM,201612131302,92.68,92.68,92.64,92.66,21052
XOM,201612131303,92.65,92.68,92.65,92.66,27417
XOM,201612131304,92.65,92.68,92.65,92.68,18538
XOM,201612131305,92.68,92.7,92.67,92.69,23233
XOM,201612131306,92.7,92.72,92.69,92.72,22979
XOM,201612131307,92.72,92.72,92.68,92.69,13514
XOM,201612131308,92.69,92.72,92.69,92.72,9782
XOM,201612131309,92.72,92.72,92.66,92.66,16713
XOM,201612131310,92.67,92.68,92.66,92.66,9621
XOM,201612131311,92.66,92.69,92.64,92.69,15690
XOM,201612131312,92.69,92.71,92.68,92.7,10128
XOM,201612131313,92.7,92.72,92.69,92.71,19705
XOM,201612131314,92.71,92.72,92.69,92.71,14751
XOM,201612131315,92.71,92.74,92.69,92.73,15169
XOM,201612131316,92.74,92.78,92.73,92.78,58797
XOM,201612131317,92.77,92.86,92.77,92.86,43448
XOM,201612131318,92.85,92.93,92.84,92.93,40399
XOM,201612131319,92.92,92.94,92.92,92.94,1837
XOM,201612131320,92.99,93,92.1,92.99,30185
XOM,201612131321,93,93.09,92.1,93.09,102714
XOM,201612131322,93.09,93.12,93.07,93.11,40863
XOM,201612131323,93.09,93.19,93.09,93.17,34101
XOM,201612131324,93.17,93.19,93.15,93.18,22736
XOM,201612131325,93.19,93.19,93.1,93.13,28543
XOM,201612131326,93.14,93.17,93.13,93.13,23418
XOM,201612131327,93.15,93.18,93.13,93.18,24980
XOM,201612131328,93.16,93.21,93.16,93.2,32165
XOM,201612131329,93.19,93.21,93.17,93.19,73886
XOM,201612131330,93.2,93.2,93.07,93.08,40873
XOM,201612131331,93.09,93.1,93.05,93.08,43559
XOM,201612131332,93.08,93.08,93.07,93.07,1500
XOM,201612131333,92.98,92.99,92.86,92.9,59747
XOM,201612131334,92.9,92.91,92.87,92.89,36700
XOM,201612131335,92.88,92.91,92.86,92.87,28720
XOM,201612131336,92.86,92.87,92.81,92.87,77582
XOM,201612131337,92.86,92.91,92.86,92.91,77484
XOM,201612131338,92.91,92.92,92.87,92.89,17607
XOM,201612131339,92.9,92.95,92.89,92.94,23846
XOM,201612131340,92.94,92.96,92.9,92.9,80309
XOM,201612131341,92.91,92.96,92.9,92.96,9135
XOM,201612131342,92.96,92.97,92.93,92.95,11974
XOM,201612131343,92.96,92.98,92.94,92.97,16311
XOM,201612131344,92.96,92.96,92.96,92.96,997
XOM,201612131345,92.93,92.95,92.92,92.93,21164
XOM,201612131346,92.92,92.93,92.89,92.91,17531
XOM,201612131347,92.92,92.94,92.91,92.94,20627
XOM,201612131348,92.93,92.94,92.9,92.92,30965
XOM,201612131349,92.91,92.93,92.9,92.91,12779
XOM,201612131350,92.92,92.92,92.88,92.92,22620
XOM,201612131351,92.92,92.94,92.91,92.93,29073
XOM,201612131352,92.92,92.95,92.92,92.92,30665
XOM,201612131353,92.92,92.93,92.87,92.89,22547
XOM,201612131354,92.9,92.92,92.88,92.89,60236
XOM,201612131355,92.91,92.91,92.81,92.84,40897
XOM,201612131356,92.84,92.85,92.76,92.84,22828
XOM,201612131357,92.76,92.79,92.74,92.77,25212
XOM,201612131358,92.77,92.78,92.75,92.75,23866
XOM,201612131359,92.76,92.78,92.75,92.76,17772
XOM,201612131400,92.77,92.81,92.77,92.8,158592
XOM,201612131401,92.8,92.82,92.75,92.77,20640
XOM,201612131402,92.77,92.79,92.75,92.77,32029
XOM,201612131403,92.78,92.81,92.77,92.77,48084
XOM,201612131404,92.77,92.78,92.71,92.72,27325
XOM,201612131405,92.71,92.77,92.71,92.76,16368
XOM,201612131406,92.76,92.77,92.69,92.7,29473
XOM,201612131407,92.69,92.69,92.69,92.69,4000
XOM,201612131408,92.69,92.69,92.63,92.69,14915
XOM,201612131409,92.63,92.64,92.59,92.6,19881
XOM,201612131410,92.6,92.64,92.6,92.61,19335
XOM,201612131411,92.62,92.62,92.56,92.57,18688
XOM,201612131412,92.57,92.57,92.51,92.56,17725
XOM,201612131413,92.55,92.57,92.53,92.56,28759
XOM,201612131414,92.57,92.58,92.5,92.5,22726
XOM,201612131415,92.5,92.51,92.41,92.41,46290
XOM,201612131416,92.42,92.46,92.41,92.46,25382
XOM,201612131417,92.46,92.47,92.44,92.46,14771
XOM,201612131418,92.46,92.5,92.42,92.45,16473
XOM,201612131419,92.45,92.5,92.45,92.47,15168
XOM,201612131420,92.49,92.49,92.44,92.44,11626
XOM,201612131421,92.45,92.47,92.44,92.45,17729
XOM,201612131422,92.44,92.45,92.43,92.44,15127
XOM,201612131423,92.44,92.45,92.37,92.38,18441
XOM,201612131424,92.38,92.43,92.37,92.43,41195
XOM,201612131425,92.43,92.48,92.43,92.47,20976
XOM,201612131426,92.46,92.54,92.46,92.53,20898
XOM,201612131427,92.53,92.55,92.51,92.55,11486
XOM,201612131428,92.55,92.6,92.55,92.58,28609
XOM,201612131429,92.58,92.61,92.56,92.61,11760
XOM,201612131430,92.62,92.63,92.58,92.6,23044
XOM,201612131431,92.6,92.6,92.53,92.56,25839
XOM,201612131432,92.57,92.6,92.57,92.59,10495
XOM,201612131433,92.59,92.6,92.56,92.57,8644
XOM,201612131434,92.56,92.63,92.53,92.62,24747
XOM,201612131435,92.63,92.65,92.6,92.65,8667
XOM,201612131436,92.65,92.68,92.64,92.68,15784
XOM,201612131437,92.69,92.7,92.66,92.67,14526
XOM,201612131438,92.67,92.67,92.64,92.64,6470
XOM,201612131439,92.73,92.77,92.73,92.73,29849
XOM,201612131440,92.73,92.74,92.7,92.73,10265
XOM,201612131441,92.74,92.75,92.7,92.74,17247
XOM,201612131442,92.74,92.79,92.74,92.77,28768
XOM,201612131443,92.77,92.83,92.77,92.83,31116
XOM,201612131444,92.84,92.86,92.83,92.84,12742
XOM,201612131445,92.84,92.86,92.83,92.85,11201
XOM,201612131446,92.85,92.86,92.82,92.84,22234
XOM,201612131447,92.85,92.91,92.84,92.87,81157
XOM,201612131448,92.9,92.9,92.87,92.87,71859
XOM,201612131449,92.86,92.88,92.84,92.86,23407
XOM,201612131450,92.87,92.91,92.87,92.91,38778
XOM,201612131451,92.91,92.97,92.91,92.96,22654
XOM,201612131452,92.95,92.97,92.94,92.97,31670
XOM,201612131453,92.96,92.99,92.96,92.98,33302
XOM,201612131454,92.98,93,92.95,92.99,26592
XOM,201612131455,93.02,93.04,92.98,93.01,40226
XOM,201612131456,93,93.03,92.99,93.01,24976
XOM,201612131457,93.02,93.07,93,93.04,32301
XOM,201612131458,93.05,93.05,93.01,93.05,23062
XOM,201612131459,93.04,93.05,93,93.02,24735
XOM,201612131500,93.02,93.04,93.01,93.02,21933
XOM,201612131501,93.02,93.08,93.01,93.07,54818
XOM,201612131502,93.06,93.06,92.92,92.93,48691
XOM,201612131503,92.92,92.92,92.88,92.9,22965
XOM,201612131504,92.9,92.98,92.9,92.96,22605
XOM,201612131505,92.96,92.96,92.93,92.94,26064
XOM,201612131506,92.94,92.95,92.92,92.95,20592
XOM,201612131507,92.94,92.96,92.91,92.93,33054
XOM,201612131508,92.93,92.96,92.9,92.9,48584
XOM,201612131509,92.9,92.93,92.87,92.88,44161
XOM,201612131510,92.88,92.88,92.88,92.88,100
XOM,201612131511,92.87,92.87,92.85,92.85,29711
XOM,201612131512,92.86,92.87,92.82,92.83,33900
XOM,201612131513,92.84,92.85,92.79,92.79,38113
XOM,201612131514,92.79,92.82,92.79,92.79,28998
XOM,201612131515,92.78,92.8,92.76,92.77,32688
XOM,201612131516,92.77,92.84,92.77,92.83,22281
XOM,201612131517,92.84,92.87,92.82,92.86,28973
XOM,201612131518,92.86,92.92,92.85,92.92,22061
XOM,201612131519,92.93,92.93,92.86,92.88,23389
XOM,201612131520,92.87,92.88,92.83,92.84,43185
XOM,201612131521,92.84,92.87,92.83,92.86,18460
XOM,201612131522,92.86,92.88,92.84,92.84,27144
XOM,201612131523,92.84,92.84,92.76,92.76,39336
XOM,201612131524,92.75,92.76,92.75,92.76,17338
XOM,201612131525,92.76,92.78,92.75,92.78,27910
XOM,201612131526,92.77,92.8,92.77,92.78,24709
XOM,201612131527,92.78,92.8,92.78,92.8,16917
XOM,201612131528,92.81,92.83,92.79,92.8,40633
XOM,201612131529,92.8,92.8,92.75,92.77,38265
XOM,201612131530,92.77,92.82,92.76,92.82,49606
XOM,201612131531,92.81,92.82,92.75,92.79,29386
XOM,201612131532,92.79,92.82,92.78,92.82,33047
XOM,201612131533,92.82,92.85,92.82,92.83,17722
XOM,201612131534,92.83,92.83,92.79,92.79,31380
XOM,201612131535,92.8,92.84,92.8,92.8,34420
XOM,201612131536,92.81,92.83,92.79,92.81,24945
XOM,201612131537,92.82,92.83,92.8,92.81,31664
XOM,201612131538,92.81,92.84,92.79,92.81,66602
XOM,201612131539,92.81,92.82,92.8,92.81,46695
XOM,201612131540,92.82,92.84,92.79,92.82,50224
XOM,201612131541,92.82,92.83,92.78,92.79,43416
XOM,201612131542,92.79,92.84,92.79,92.84,29094
XOM,201612131543,92.84,92.85,92.84,92.84,1000
XOM,201612131544,92.85,92.85,92.78,92.84,25517
XOM,201612131545,92.79,92.82,92.77,92.82,62786
XOM,201612131546,92.81,92.83,92.79,92.8,32204
XOM,201612131547,92.8,92.83,92.79,92.8,67937
XOM,201612131548,92.8,92.8,92.71,92.73,32456
XOM,201612131549,92.73,92.8,92.72,92.76,95279
XOM,201612131550,92.77,92.78,92.71,92.72,37913
XOM,201612131551,92.71,92.75,92.71,92.74,50679
XOM,201612131552,92.74,92.75,92.68,92.69,60226
XOM,201612131553,92.69,92.7,92.63,92.64,61221
XOM,201612131554,92.64,92.67,92.63,92.65,61296
XOM,201612131555,92.65,92.69,92.59,92.69,120224
XOM,201612131556,92.69,92.71,92.69,92.71,5727
XOM,201612131557,92.67,92.67,92.59,92.66,108166
XOM,201612131558,92.6,92.69,92.59,92.63,135481
XOM,201612131559,92.64,92.65,92.52,92.58,206344
XOM,201612131601,92.58,92.58,92.58,92.58,1252304
XOM,201612131603,92.58,92.58,92.58,92.58,200
XOM,201612131605,92.58,92.58,92.58,92.58,100
XOM,201612131606,92.58,92.58,92.55,92.55,641
XOM,201612131607,92.58,92.58,92.58,92.58,2920
XOM,201612131609,92.58,92.58,92.58,92.58,100
XOM,201612131610,92.58,92.58,92.58,92.58,400
XOM,201612131617,92.58,92.58,92.5,92.5,7800
XOM,201612131618,92.5,92.5,92.5,92.5,1900
XOM,201612131621,92.58,92.58,92.58,92.58,110
XOM,201612131631,92.59,92.59,92.59,92.59,100
XOM,201612131645,92.58,92.58,92.58,92.58,1100
XOM,201612131656,92.27,92.27,92.27,92.27,300
